
# SPDX-License-Identifier: Unicode-DFS-2016
# Corpus-Size: 192090

abas	145765
Abel	31235
Abia	15617
Abraham	661148
Adam	78088
adil	67676
Agabus	10411
agama	1207767
agaman	124941
Agripa	67676
ah	31235
ahli	67676
aie	20823
Aie	937060
Aim	140559
ain	2441563
aingku	10411
ajar	786089
ajare	41647
akae	911031
akal	67676
akale	10411
akalku	15617
akam	447706
akan	17476183
akang	229059
akangku	567442
Akhaya	62470
akik	20823
aku	13436410
Akwila	41647
alasan	72882
ale	10411
Aleksander	31235
Aleksandria	20823
alem	192618
aliran	10411
aloh	1051590
Alpeus	26029
alun	10411
amak	15617
amake	10411
amakm	26029
aman	15617
amas	296735
ambo	10411
Amen	140559
Aminadab	10411
amon	4846686
ampie	1306679
ampin	791295
ampingku	15617
ampit	20823
ampun	109323
anak	3977302
anake	421677
anakku	197823
anakm	26029
Ananias	88500
ancak	10411
ancaman	15617
andal	20823
andau	2727887
andaue	41647
andie	10411
Andreas	72882
angat	249882
angate	72882
angatku	52058
anggap	10411
Anggap	10411
anggor	546618
anggore	10411
anggota	140559
angka	26029
angkatan	10411
Antiokhia	150970
apik	20823
apise	10411
Apolos	78088
apui	452912
apuie	10411
ara	67676
Arab	15617
arae	213441
aram	10411
Aram	26029
aran	629913
arang	72882
Arangku	10411
are	2675829
Areopagus	15617
arep	1218178
arepe	1322296
arepku	145765
arepm	177000
Arimatea	20823
Aristarkhus	26029
arit	26029
Arkhipus	10411
Artemis	26029
arut	317559
arute	15617
asal	166588
asale	187412
asep	78088
Aser	10411
asi	265500
Asia	104117
asie	10411
Asie	52058
asin	156176
asing	10411
asli	20823
aso	46853
Asos	10411
atawa	2316622
atei	2373887
ateie	728825
ateiku	156176
ateim	83294
Atena	31235
aton	6221042
atoran	348794
auh	3722213
auhe	343588
auhku	72882
auhm	41647
awan	26029
awang	327971
Awas	10411
awau	93706
awi	9115518
awie	249882
Awie	473736
awiku	114529
awim	36441
Awim	36441
ayang	10411
ayat	114529
ayo	15617
Ayo	72882
ayu	15617
ayue	718413
Ayue	2707064
ayum	104117
Ayum	203029
ayun	10411
ayung	150970
ayungku	348794
baagama	20823
baarti	15617
baatoran	10411
babasi	10411
babehat	119735
Babel	52058
babilem	26029
Babilon	10411
babindai	10411
babungo	36441
babusau	67676
babute	286324
badagang	26029
badai	41647
badamai	171794
badarem	15617
badengen	41647
badosa	531001
badue	36441
badungil	41647
baduroh	114529
bagare	354000
bagawi	697589
bageto	41647
bagi	52058
bagiae	20823
bagian	218647
bagie	10411
bagilir	10411
bagin	46853
baguna	223853
Bah	10411
bahadat	26029
bahala	20823
bahalap	2837211
bahali	88500
bahandang	62470
bahantong	10411
bahanyi	218647
bahapang	98911
bahasa	52058
bahasil	52058
bahatae	10411
bahaya	114529
bahenda	10411
bahijau	31235
bahimang	20823
bahimbing	31235
bahiri	57264
bahotbah	36441
bahunje	20823
bahut	130147
baindu	15617
bajaga	78088
bajakah	10411
bajar	57264
bajeleng	286324
bajenta	46853
bajewong	10411
bajilek	10411
bajoho	31235
baju	78088
bajual	15617
bajue	15617
bajuju	26029
bajum	10411
baka	140559
bakae	10411
bakahera	124941
bakaike	46853
bakajile	20823
bakal	10411
bakalindong	15617
bakarak	10411
bakarinah	20823
bakas	249882
bakase	31235
bakatak	10411
bakeho	10411
bakehu	15617
baketep	385236
baki	20823
bakoho	36441
bakotok	52058
bakoya	31235
bakuda	10411
bakung	10411
balai	10411
balait	197823
balaku	1051590
balakudoa	786089
balakue	20823
balalu	718413
balanai	46853
balanja	15617
balasot	31235
balau	187412
balaue	41647
balawa	124941
balawo	15617
balayar	203029
balayu	41647
balecak	52058
baleh	57264
balemo	244676
baliar	20823
balihang	15617
balikat	15617
balikate	10411
balo	192618
baloe	26029
balok	36441
balon	41647
balongkang	46853
balua	780883
balumpeng	20823
banae	166588
banama	10411
banan	31235
bandit	15617
bangku	10411
Bangon	20823
bangsa	1056796
bangsawan	15617
bangunan	10411
bank	10411
bantuan	20823
bantus	10411
banyelo	10411
Banyelo	15617
banyihi	41647
bapa	390441
Bapa	2561299
bapae	275912
bapait	31235
bapaku	52058
bapam	52058
bapangaruh	10411
bapusit	26029
baputi	166588
bara	11718465
Barabas	62470
barabit	31235
barakuasa	20823
baramalem	20823
barami	15617
barangai	52058
barangkah	20823
barasih	869384
Barasih	921443
barat	67676
baratikas	10411
baratu	10411
barega	145765
barendeng	88500
barigas	36441
barirang	41647
baris	135353
barisan	10411
barita	1707532
baritae	10411
baritan	10411
Barnabas	229059
Barsabas	10411
Bartolomeus	20823
barunding	57264
basa	1697121
Basa	2269769
basahokan	41647
basala	182206
basan	15617
basasurak	20823
baseput	15617
basewut	114529
basiak	72882
basilim	135353
basingi	109323
basiwoh	67676
basuang	67676
basumpah	88500
basunat	20823
basurat	10411
batang	390441
batange	26029
batantu	411265
batarong	10411
batatap	15617
batawah	26029
batawat	36441
batekang	41647
batelo	15617
batenong	15617
batihi	52058
batimpang	20823
batiroh	244676
batisa	26029
batolak	10411
batotong	10411
batu	702795
batuah	10411
Batuah	15617
batue	62470
batunangan	10411
bau	10411
baue	83294
baum	10411
baun	327971
baunandau	119735
baungku	26029
baunsengok	10411
bauntonggang	374824
bauntonggange	10411
bawak	88500
bawi	1738768
bawin	57264
bawoi	109323
baya	1738768
bayar	10411
Bayar	10411
bebas	57264
Beelsebul	31235
beken	2982976
belahe	187412
belai	72882
belaie	57264
bele	10411
belep	52058
belom	2873652
bembang	78088
benang	208235
benteng	145765
bentok	390441
Benyamin	20823
benye	20823
benyem	124941
Berea	36441
bereng	88500
berjuang	26029
berkat	281118
berkate	15617
Bernike	15617
besoh	46853
Betania	67676
Betlehem	46853
Betpage	15617
Betsaida	36441
bewe	10411
bewei	1645062
biasa	26029
biduri	15617
bihin	395647
bilak	20823
Bileam	26029
biling	31235
binasa	41647
bindang	26029
bingung	36441
bintang	187412
bintap	10411
binyi	286324
binyie	10411
birik	15617
bisik	10411
bisika	10411
bisu	67676
biti	4169920
bitie	171794
bitim	57264
bitin	645530
biting	26029
bitingku	46853
Bitinia	10411
biwih	31235
Boas	10411
bua	499765
buae	41647
buah	1514914
buang	31235
buap	78088
bujang	135353
buju	26029
bujur	1129678
bukit	390441
bukti	83294
buktie	46853
buku	67676
bukue	218647
bulae	15617
bulan	140559
bulat	78088
buli	380030
bulon	10411
bulun	10411
bungas	10411
bungehe	10411
bunggut	31235
burong	208235
busong	10411
busu	10411
butang	46853
cacat	20823
calaka	307147
cambuk	88500
campur	20823
candi	20823
cangkir	78088
cara	354000
carae	62470
Ceh	26029
coba	46853
Coba	150970
cocok	15617
cukai	10411
dadupa	15617
daerah	359206
dagang	46853
daging	10411
daha	182206
dahae	31235
dahan	145765
dahang	41647
damai	46853
Damaskus	83294
dan	10411
danau	291530
danda	10411
danum	692383
danume	26029
daptar	15617
dapur	10411
dara	52058
darai	20823
darem	15617
dareme	15617
darhaka	52058
dari	67676
daria	10411
dasar	78088
dasare	15617
dawa	57264
dawan	46853
dawee	20823
dawen	26029
Dawid	385236
dehe	46853
dehen	234265
delima	10411
Demas	15617
Demetrius	15617
dengae	1488885
dengam	130147
dengan	11937112
dengang	374824
dengangku	354000
Derbe	26029
dere	26029
dereh	15617
derep	26029
deroh	15617
dewa	296735
dia	13056379
diakah	46853
Diakon	10411
dimpah	57264
dinding	57264
dindinge	10411
dinoe	41647
dinon	296735
dipah	72882
doa	10411
dohop	119735
dokoh	10411
dokter	36441
dompet	20823
Dorkas	26029
dosa	786089
dosae	124941
dosam	46853
dosan	437295
duan	36441
Duan	46853
due	1134884
duewalas	244676
duhi	15617
duit	609089
duite	72882
duitku	15617
dukun	10411
dulang	15617
dumah	3581654
duringe	10411
edae	26029
edan	93706
Edit	15617
eka	1655473
ekae	223853
ekaku	20823
ekam	31235
ela	2524858
Eli	15617
Elia	161382
Elimas	15617
Elisabet	67676
Eloi	10411
empo	31235
empoe	15617
en	3987714
endau	31235
Eneas	26029
Engkak	20823
entai	10411
Entai	20823
enyau	20823
Epapras	15617
Epaproditus	10411
epat	400853
Epesus	130147
Erastus	15617
es	20823
Esau	20823
Etiopia	26029
Euprat	10411
ewau	20823
ewaue	26029
ewe	93706
eweh	1374355
ewen	17549065
Gabriel	15617
gagada	26029
gagal	15617
gagat	15617
gagenep	359206
gajih	10411
galang	109323
Galatia	36441
Galilea	411265
galingan	10411
Galio	20823
galombang	20823
Gamaliel	15617
gambar	46853
gampang	41647
ganan	104117
gancang	41647
ganda	10411
gandang	10411
gandom	119735
gandum	15617
gantau	52058
gantaue	20823
gantaun	88500
gantaung	31235
ganti	10411
gantin	10411
gantong	197823
garap	88500
garo	41647
gatang	31235
gau	31235
gawi	765266
gawie	312353
gawim	78088
gawin	635118
gawing	20823
gawingku	114529
Gayus	26029
geger	10411
genep	780883
Genesaret	15617
Gerasa	15617
getem	26029
Getsemane	10411
gila	46853
gilir	10411
gitae	31235
gitam	46853
gitan	593471
gitangku	26029
gogop	67676
goha	20823
Golgota	15617
golongan	41647
Gomora	20823
gubernur	166588
gunae	208235
gunan	31235
guru	832942
gurue	26029
gurun	26029
hababaka	15617
habagi	20823
haban	333177
habandong	150970
habangah	26029
habili	10411
habukit	15617
habure	15617
hadari	229059
hadat	223853
hadiah	36441
hadohop	15617
haduhi	78088
haduring	26029
haga	26029
hagalang	114529
hagandang	31235
Hagar	10411
hagatang	31235
hagenjeh	46853
hagerek	93706
haguet	2639387
hai	1749180
hajajuan	36441
hajamban	10411
hajanji	62470
hajual	15617
hak	260294
haka	10411
hakabeken	26029
hakabuah	83294
hakahiri	10411
hakalahi	104117
hakalawan	177000
hakalayan	15617
hakaliling	130147
hakalilinge	31235
hakangkalut	15617
hakangkejau	10411
hakaridu	20823
hakarimpong	36441
hakatokep	10411
Hakayah	15617
hakim	140559
hakon	36441
hakotak	1311885
hakotoh	15617
hakutoh	41647
hal	1770003
halalea	36441
halaluan	26029
halaman	10411
halap	20823
halau	52058
halelek	10411
halemei	98911
haliai	234265
haliau	78088
halowai	26029
haluli	1681503
hamalem	234265
hamauh	5867041
hambaruae	26029
hambaruam	20823
hambaruan	98911
hambaruang	10411
hambaruangku	15617
hambirang	10411
hampahari	93706
hamparea	135353
hampatong	130147
hampatonge	26029
hamusoh	52058
Hana	10411
hanangoi	15617
Hanas	20823
hancor	78088
handak	3300536
handalem	52058
handau	104117
handiai	2982976
handipe	72882
handue	15617
handuk	10411
hangka	10411
hangkalime	10411
hanja	57264
hanjak	598677
hanjewu	156176
hanjulo	192618
hantelo	41647
hantu	62470
hantue	20823
hantun	161382
hanya	57264
hanyala	62470
hanyawalas	10411
hanyut	10411
hapa	296735
hapae	109323
hapai	15617
hapakaian	67676
hapakat	26029
hapaku	15617
hapan	3368212
hapander	46853
hapisah	20823
hapumpong	317559
hapus	905825
harajur	947472
Haran	10411
harap	150970
harati	452912
haratie	208235
harayap	119735
haream	281118
hariak	20823
harikas	15617
harue	239471
harum	98911
harun	109323
harungku	15617
has	10411
Has	124941
hasalanja	15617
hasangkowong	15617
hasansila	52058
hasaroroi	31235
hasengkel	26029
hasil	192618
hasile	41647
hasinta	166588
hasoal	41647
hasobat	20823
hasondau	244676
hasumpah	31235
hasusun	10411
hatabe	41647
hataharep	36441
hatakian	26029
hatalla	20823
Hatalla	15045030
Hatallam	41647
Hatallan	223853
Hatallang	46853
Hatallangku	10411
hatandipah	10411
hatantiring	10411
Hatatup	20823
hatawon	10411
hatolang	15617
hatontong	15617
hatue	650736
hatuee	31235
hatumpok	20823
Hau	20823
Hawa	15617
hawor	15617
haya	817325
hayak	1952209
hayang	62470
heka	41647
helat	98911
helo	1035972
hemben	62470
Hemben	135353
hengan	307147
Henokh	20823
hera	15617
heran	629913
heret	41647
Hermes	15617
Herodes	390441
Herodias	46853
Hesron	10411
hete	2530064
hetoh	723619
hewoi	10411
HGU	15617
hiang	364412
hiange	20823
hiasan	15617
hikau	20823
hila	780883
himang	26029
himange	10411
himba	10411
Himeneus	10411
hina	15617
hindai	1655473
hingkat	218647
hining	46853
Hining	130147
hinje	1020355
hisek	31235
hisop	10411
hobah	327971
hong	9427872
hongge	10411
horan	244676
hormat	286324
huang	5721276
huange	208235
huangku	15617
hubungae	46853
hubungan	161382
hukum	1254620
hukuman	197823
huma	1103649
humae	286324
humam	41647
human	447706
Human	718413
humangku	46853
humong	187412
hunjue	62470
hunjun	1129678
hurup	15617
iajar	218647
iajarku	26029
iamok	15617
iampong	67676
iampun	177000
iandal	20823
ianggap	109323
ianggapku	15617
iangkat	98911
iatep	10411
iatohe	10411
iator	41647
iawi	499765
iawie	88500
iawiku	93706
iawim	46853
iayang	15617
Ibrani	72882
ibu	52058
Ibu	67676
ie	18741215
ielai	10411
ientai	26029
ienyau	20823
iete	2212504
iewoi	15617
ih	1999062
ihaga	57264
ihajipen	36441
ihakim	46853
ihalalea	10411
ihambang	10411
ihampas	10411
ihapae	20823
ihapan	223853
iharak	36441
iharap	57264
iharapku	10411
ihate	20823
ihewes	41647
ihias	10411
ihina	46853
ihining	187412
ihiningku	20823
ihiningm	10411
ihop	114529
ihormat	291530
ihoroi	20823
ihukum	291530
ihunje	10411
iihop	10411
iimbit	281118
iimbite	10411
iimbul	26029
iimbule	10411
iingkes	88500
iintih	239471
iise	15617
iisek	10411
ije	6845749
ijee	26029
ijin	10411
ikau	3545213
ike	10411
ikeh	57264
ikei	5211098
ikohe	26029
Ikonium	31235
ilaku	67676
ilakuku	10411
ilakum	10411
ilalus	609089
ilaluse	57264
ilalusku	36441
ilapas	72882
ilapore	10411
ilawan	26029
ilihi	62470
ilihiku	15617
iliwus	52058
ilmu	26029
iluput	36441
imakaian	10411
imakat	20823
imaksa	36441
imaksud	10411
imaksudku	10411
imam	1030766
imangun	46853
imanting	15617
imantingm	10411
Imanuel	10411
imapa	15617
imapatei	10411
imasong	36441
imbagi	52058
imbaleh	10411
imbalon	10411
imbangus	10411
imbarita	161382
imbaritaku	46853
imbasa	36441
imbayar	26029
imbayarku	10411
imbelom	265500
imbelome	10411
imberkat	119735
imbesoh	10411
imbinasa	26029
imbing	10411
imbisik	10411
imbit	145765
imbujur	10411
imbukti	15617
imbul	57264
imbulat	10411
imbule	15617
imbungkus	15617
imedak	10411
imelek	10411
imercaya	187412
imercayaku	20823
imercayam	10411
imerlu	52058
imerluku	10411
imeteng	26029
imili	26029
imimpin	15617
imisah	20823
impaabas	31235
impahai	171794
impahancor	10411
impahanjak	10411
impahapus	15617
impahata	15617
impahawen	10411
impahayak	62470
impahiau	26029
impahinje	41647
impait	15617
impakalah	26029
impakeleh	83294
impalembut	10411
impaleteng	10411
impalinek	15617
impalua	26029
impamohon	26029
impandai	10411
impandoi	208235
imparahae	20823
imparahan	124941
imparahang	10411
imparandah	15617
imparasih	83294
imparata	10411
imparugi	10411
impatamam	10411
impatamamku	10411
impatei	249882
impateim	10411
impelai	15617
impendeng	15617
impeter	15617
impisik	88500
imukul	31235
imumpong	26029
imuno	10411
imutus	31235
inahan	57264
inaharep	15617
inaheta	15617
inahiu	26029
inakan	343588
inakiri	10411
inalih	57264
inalua	41647
inambang	15617
iname	41647
inamean	119735
inamee	10411
inampa	317559
inampara	15617
inampayah	52058
inampunan	36441
inamput	20823
inanda	10411
inanding	52058
inanggong	26029
inanjaro	10411
inantang	10411
inantu	52058
inantuani	10411
inara	130147
inarangku	10411
inarima	312353
inarimae	10411
inarimaku	20823
inatap	166588
inatape	10411
inawan	93706
inawor	31235
incangkok	20823
incukur	10411
inculop	15617
Indah	10411
indahang	26029
indawa	46853
indehen	52058
inderoh	10411
indohop	31235
indu	380030
induan	140559
indue	166588
indum	41647
induroh	10411
inelen	15617
inenga	1114061
inengae	20823
inengaku	46853
inetek	20823
ineweng	15617
ingabar	10411
ingado	15617
ingagalan	52058
ingahana	67676
ingahandak	187412
ingahandakku	15617
ingahandakm	10411
ingahing	15617
ingaku	31235
ingalambon	10411
ingalapean	15617
ingalasot	10411
ingalindong	15617
ingamburi	10411
inganan	197823
ingapehe	166588
ingapehem	15617
ingarat	10411
ingarendeng	15617
ingarinah	31235
ingasene	26029
ingat	67676
Ingat	244676
ingatawan	140559
ingawin	10411
ingehu	31235
inggalang	20823
ingganti	26029
inggare	46853
inggatang	114529
inggau	62470
inggenep	10411
inggerek	20823
inggetem	31235
inggoang	26029
inggoda	20823
ingguna	20823
inggunting	20823
ingikeh	10411
ingirim	26029
ingiwak	10411
ingkeme	114529
ingkemee	20823
ingkepan	15617
ingotak	78088
ingotake	26029
inguan	10411
inguasa	281118
ingubur	72882
ingumpang	52058
ingunci	15617
ininduh	20823
iningak	20823
iningkes	46853
ininih	10411
inintu	15617
iniring	10411
inirok	26029
injadian	78088
injaga	26029
injakah	36441
injanji	317559
injanjie	10411
injapa	124941
injapae	10411
injara	10411
injarat	72882
injawut	15617
injijit	10411
injilek	10411
injual	46853
inolak	15617
inotong	10411
insanae	31235
insanam	10411
insanan	603883
insanang	203029
insanangku	93706
intehau	145765
intu	6195012
inujum	46853
inukas	119735
inumbak	10411
inumon	26029
inumongku	15617
inunjok	10411
inuntut	67676
inusoh	41647
inusul	41647
inutup	36441
inyahokan	15617
inyaksi	26029
inyalamat	244676
inyalan	31235
inyaling	10411
inyambalih	36441
inyampai	192618
inyampaiku	10411
inyampalaki	150970
inyangka	10411
inyapa	20823
inyarah	317559
inyarahe	10411
inyarahku	15617
inyare	15617
inyarenangku	10411
inyarita	26029
inyarongan	26029
inyayang	10411
inyayange	10411
inyekak	15617
inyembah	57264
inyembahku	10411
inyewut	525795
inyiar	15617
inyidang	67676
inyimpan	10411
inyingah	10411
inyingi	31235
inyingiku	10411
inyinta	301941
inyintae	15617
inyintaku	57264
inyiumku	10411
inyoho	411265
inyohoe	10411
inyohoku	15617
inyon	15617
inyondau	26029
inyuang	46853
inyunat	150970
inyurat	338383
inyuratku	67676
iobah	20823
iohos	10411
iongge	10411
Iragi	36441
irampas	26029
irantai	10411
irasuk	46853
irawei	78088
irega	15617
irentah	88500
iresmi	15617
iriksa	20823
irima	26029
irusak	20823
Isaak	109323
Isai	20823
isanan	15617
isanang	10411
isek	36441
isi	10411
isie	26029
isin	78088
ising	26029
Iskariot	57264
Israel	499765
istana	104117
istimewa	10411
isut	322765
itah	6804102
Italia	26029
ite	78088
Ite	208235
itong	15617
iuap	36441
iuji	26029
iukei	15617
iungkar	20823
iupah	10411
iyoh	10411
Iyoh	93706
jadi	286324
Jadi	1046384
jaga	46853
jahawen	104117
jajewu	26029
jaka	317559
jakae	15617
jakah	10411
jala	41647
jalae	57264
jalahan	57264
jalan	1108855
jalanae	36441
jalanan	88500
jalatien	72882
jam	93706
jaman	301941
jame	20823
jaminan	41647
jamrud	10411
janda	15617
jandau	41647
janji	322765
janjie	26029
janjin	187412
jarat	20823
jari	9339372
jariae	41647
jaton	3664948
jawab	109323
je	43484824
Jela	10411
jelae	10411
jelan	26029
jele	41647
jeleng	67676
jete	4149096
jetoh	1134884
jewu	57264
jewue	150970
jijit	10411
jilek	20823
jipee	98911
jipen	812119
jipengku	26029
jua	52058
jual	26029
juan	52058
jubah	177000
jubahe	67676
jubahm	15617
Julok	10411
jumlah	31235
jungun	72882
juta	10411
kaabas	177000
kaabase	41647
kaabasku	10411
kaabasm	10411
kaadaan	15617
kaadilan	52058
kaandal	10411
kabakase	10411
kabalie	67676
kabalim	31235
kabalin	46853
kabalingku	10411
kabar	119735
kabawak	119735
kabehat	31235
kabekee	31235
kabilap	20823
kabinasa	52058
kabintap	26029
kabon	244676
kabuat	2941329
kabuate	67676
kabuatku	10411
kabujur	57264
kabulat	10411
Kabungas	10411
kabungo	20823
kaca	26029
kacapi	26029
kacuali	36441
kadadue	229059
kadaduee	52058
kadamai	145765
kadarhakae	15617
kadereh	10411
kadian	31235
kadudukae	10411
kadue	31235
kaduee	161382
kaduewalas	15617
kadun	31235
Kaepa	10411
kaepat	46853
kaepate	26029
kagantong	15617
kagantonge	20823
kagogop	10411
kah	31235
kahai	57264
kahaie	124941
kahain	270706
kahalap	364412
kahalape	83294
kahalie	10411
kahalin	10411
kahancor	20823
kahandak	879795
kahandake	26029
kahandakku	36441
kahandakm	10411
kahandalem	31235
kahang	36441
kahange	10411
kahanjak	187412
kahanjake	31235
kahanjakku	15617
kahanyi	10411
kahanyie	31235
KAHAPUS	10411
kahapuse	46853
kaharap	234265
kaharape	31235
kaharati	161382
kaharatie	20823
kaharatim	15617
kaharatin	124941
kaheka	26029
kahekae	10411
kaheret	26029
kahetoh	20823
Kahetoh	67676
kahias	46853
kahijir	10411
kahimat	31235
kahinje	15617
kahinjen	20823
kahiri	20823
kahirin	46853
kahumong	41647
Kain	20823
kaisar	20823
Kaisar	182206
Kaisarea	109323
kajadian	109323
kajahawee	10411
kajahawen	15617
kajake	104117
kajama	10411
kajariae	156176
Kajariae	197823
kajarian	26029
kaje	20823
kajeng	20823
kajentae	10411
kajentan	20823
kaji	36441
kakai	52058
kakaput	192618
kakaras	31235
kakarase	31235
kakare	1665885
kakawan	26029
kakejau	15617
kakejaue	36441
kakenang	10411
kaketep	62470
kaketepe	10411
kakoho	10411
kakorik	10411
kala	26029
kalabiee	15617
kalabien	83294
kalah	26029
kalahi	145765
kalahin	15617
kalait	109323
kalaite	15617
kalambar	78088
kalapean	67676
kalasot	15617
kalasote	10411
kalawa	354000
kalawae	46853
kalawan	78088
kalayau	10411
kalemo	26029
kalemoku	10411
kalemon	15617
kalepah	20823
kalepahe	67676
kali	119735
kalidai	135353
kalidaie	10411
kaliling	26029
kalilinge	10411
kalimat	15617
kalime	10411
kalimee	15617
kalombah	15617
kalombahe	10411
kalompok	15617
kalote	2910094
kalotoh	744442
kalunen	2191680
kamaha	10411
kamanang	72882
kamangat	72882
kamar	150970
kamardeka	10411
kamardekaan	15617
kamba	10411
kambang	93706
kambange	10411
kambe	26029
kambing	36441
kamburi	10411
kambut	72882
kamenteng	36441
kamer	10411
kamiar	10411
kampong	20823
kamusoh	20823
kan	36441
kana	15617
Kana	20823
Kanaan	20823
kanahuang	72882
kanahuange	20823
kanahuangku	36441
kanai	31235
kanaie	26029
kanain	20823
kanaingku	10411
kanan	62470
kanateke	10411
kandaleme	10411
kandi	15617
kangkalingen	26029
kanih	98911
kanjerae	119735
kanjeran	10411
kanjorot	10411
Kantoh	15617
kantong	10411
kantor	10411
kaolih	135353
kaolihe	15617
kaoloe	10411
kaolon	46853
kaontong	46853
kaontonge	41647
Kapadokia	10411
kapaham	88500
kapahame	20823
Kapak	10411
kapal	312353
kapala	536206
kapalan	26029
kapanjange	26029
kapapa	234265
kapapae	57264
kapapan	57264
kapatuh	10411
kapatut	78088
kapatute	36441
kapaut	15617
kapehe	895413
kapehee	36441
kapehen	197823
kapenda	10411
kapentingan	20823
kapercaya	385236
kapercayae	322765
kapercayam	20823
kapercayan	255088
kapercayangku	10411
kaperluan	20823
Kapernaum	88500
kapijep	10411
kapintar	286324
kapten	15617
kapunae	46853
kapusit	36441
kaput	150970
kaputusan	36441
karah	10411
karajaan	140559
karajaang	10411
karajin	46853
karambang	20823
karami	10411
karana	114529
Karana	161382
karandah	46853
karang	26029
karanjang	10411
karas	93706
karasih	26029
karatas	10411
karayap	46853
karayape	26029
kare	22468634
karee	145765
kareh	6195012
karenga	15617
kareta	26029
karetae	15617
kariak	52058
karidu	83294
karigas	20823
karugi	10411
karuit	15617
karusak	31235
karusake	10411
karusi	26029
kas	10411
kasa	20823
kasabar	46853
kasabare	20823
kasaburan	67676
kasaksian	291530
kasalae	72882
kasalamat	36441
kasalamatan	10411
kasalan	301941
kasanang	234265
kasangite	10411
kasar	20823
kasenan	20823
kasene	145765
kasenee	36441
kasih	52058
kasingan	10411
kasinge	10411
kasingi	31235
kasukupe	10411
kasusah	218647
kasusahe	10411
kataharu	10411
kataharue	10411
katahie	364412
katahin	338383
katamam	20823
katambalike	36441
katapas	26029
katapase	20823
katarang	36441
katarangan	57264
katarange	15617
katatahie	843354
katatau	10411
katataue	10411
katatelo	36441
kataum	15617
kataun	46853
kataungku	10411
katawae	78088
katawan	2353063
katawangku	15617
kate	20823
katekang	10411
katelo	20823
kateloe	177000
katika	3701389
katikae	426883
katikaku	10411
katinduh	57264
katoto	83294
katotoe	52058
katoton	62470
katuah	10411
katukas	26029
katumpok	10411
kau	26029
kauju	31235
kaujue	52058
kawal	124941
kawale	88500
kawalku	52058
kawan	83294
kawin	432089
kawo	130147
Kayapas	52058
kayu	369618
kea	6601072
keadaae	26029
keadaan	88500
keang	46853
keja	20823
kejau	322765
keje	10411
kejer	20823
keleh	4586391
keluarga	109323
keluargae	46853
keluargam	10411
kemah	114529
kembang	15617
Kengkrea	10411
Kepan	20823
Kepas	10411
kepentingan	114529
kesempatan	15617
kete	15617
ketep	15617
keton	20032276
keuangan	41647
kiamat	26029
Kiamat	124941
kikeh	62470
kikehe	41647
kila	83294
kilat	36441
kilau	5403717
kilen	916237
Kilikia	41647
kilo	10411
kilogram	10411
kilometer	31235
kinae	36441
kinan	156176
kinjap	135353
kipee	36441
kipen	255088
kira	20823
Kirene	36441
kisak	10411
kius	10411
Klaudius	15617
Kleopas	10411
koae	312353
koam	52058
koan	1717944
koang	10411
koangku	26029
kolae	10411
komandan	135353
kongan	234265
kontep	244676
Korasim	10411
korik	374824
Korintus	57264
korma	10411
Kornelius	78088
kota	20823
kotak	109323
kotake	52058
kotakku	10411
kotakm	10411
koyan	218647
Kreta	41647
Krispus	10411
kristal	15617
Kristen	406059
Kristus	3576448
Ku	3186006
kuasa	827736
kuasae	203029
kuasan	619501
kuasangku	10411
kubur	348794
kuburan	10411
kubure	10411
kuda	130147
kueh	624707
kujur	10411
kuku	10411
kulit	52058
kumae	41647
kuman	1067208
kumbang	20823
kunci	26029
kupit	26029
kurang	218647
labat	20823
labi	15617
labien	20823
labih	1905356
lagon	20823
lagu	15617
lakau	15617
laku	67676
lakudoa	72882
lakudoae	15617
lakudoam	15617
lakudoan	67676
lakudoangku	10411
laladang	10411
lalau	166588
lalehan	57264
Lalehan	72882
laluen	72882
lalus	36441
Lalus	72882
lama	10411
lampah	10411
langit	650736
langsung	15617
lantera	10411
Laodikea	36441
lapak	10411
lapangan	15617
lapas	177000
lapik	15617
laporan	26029
lara	10411
larang	15617
Lasarus	135353
laseh	15617
lasot	10411
latihan	15617
lau	46853
lauk	208235
laut	72882
lawin	36441
lawo	20823
laya	10411
layang	83294
layar	10411
layau	41647
le	15617
Legion	10411
leket	52058
lembut	442500
lena	31235
lenda	10411
lendang	10411
lenge	67676
lengee	312353
lengem	72882
lengen	265500
lengeng	20823
lengengku	20823
lenyoh	31235
lepa	36441
lepah	385236
lepau	26029
leteng	20823
letu	10411
letus	20823
Lewi	93706
lewu	1749180
lewue	10411
lewum	20823
lewun	182206
Liakonia	10411
liang	36441
liat	10411
Lida	20823
Lidia	15617
lihi	26029
likut	104117
likute	20823
likutku	10411
lilap	93706
limbah	1072413
Limbah	2639387
limbahe	10411
lime	312353
linen	15617
lingkau	31235
lingkaue	15617
lipet	67676
Lisias	15617
Listra	36441
liter	31235
liu	10411
lius	72882
Lius	109323
liwat	10411
liwus	20823
lombah	20823
lontei	78088
lontong	46853
losmen	10411
Lot	26029
lowa	10411
lowah	46853
lowang	31235
luar	385236
luare	20823
luas	78088
lue	52058
luen	52058
lujae	10411
Lukas	15617
Lukius	10411
lulang	31235
luli	36441
lumpat	171794
lumpuh	161382
lungkoh	10411
lunju	10411
luntur	10411
luput	15617
maanggap	135353
maap	31235
macam	296735
mado	88500
magah	62470
Magdalena	67676
magon	890207
mahaga	301941
mahagae	26029
mahakan	10411
mahakim	213441
mahalau	1134884
mahambang	62470
mahamen	156176
mahamis	31235
mahampas	26029
mahapae	31235
mahapan	1249414
mahapit	10411
mahapus	109323
maharagapan	10411
maharak	249882
maharap	192618
mahasil	10411
mahasor	20823
mahenyek	26029
mahewes	31235
mahian	10411
mahiau	15617
mahila	10411
mahimon	15617
mahin	2066739
mahina	234265
mahindang	10411
mahingkep	72882
mahining	2004268
mahininge	62470
mahiwang	15617
mahormat	161382
mahoroi	41647
mahukum	182206
mahunje	15617
mahunjun	109323
mahutos	41647
main	10411
maja	135353
majar	713207
majelis	78088
Majelis	78088
maju	26029
maka	2014680
Maka	2014680
makaian	31235
Makedonia	135353
makota	72882
maksud	36441
Maksudku	36441
maku	515383
malabien	88500
malah	46853
malahan	171794
malait	52058
malalus	1936592
malaluse	223853
malambun	10411
malanggar	130147
malapas	166588
malapase	15617
malapor	15617
malauk	15617
malawan	541412
malayan	114529
male	20823
malekak	20823
malekat	1218178
malengkan	255088
maliae	10411
malihi	728825
maling	62470
malinyau	15617
maliwus	124941
maluja	46853
maluput	93706
mamaksa	62470
mamalok	20823
mamancar	52058
mamandak	20823
mamander	20823
mamangkut	10411
mamangue	26029
mamangun	119735
mamanjang	15617
mamanting	15617
mamapa	187412
mamapui	15617
mamarang	10411
mamasong	41647
mambagi	104117
mambagie	15617
mambalang	31235
mambaleh	109323
mambaring	10411
mambarita	463324
mambaritae	10411
mambasa	114529
mambasae	10411
mambatang	390441
mambayar	166588
mambayare	31235
mambebas	46853
mambehat	20823
mambela	67676
mambelep	10411
mambelepe	10411
mambelom	218647
mamberes	10411
mamberkat	213441
mambesei	10411
mambinasa	57264
mambirang	20823
mambirik	26029
mambisa	10411
mambowor	10411
mambujur	20823
mambuka	10411
mambukti	78088
mambuktie	31235
mambulat	15617
mambungkus	10411
mambungkuse	15617
mambusau	15617
mameda	10411
mamedak	46853
mamelek	15617
mamenda	411265
mameteng	26029
mamihak	41647
mamikir	31235
mamili	135353
mamimpin	67676
mamindah	10411
mamisah	26029
mamok	78088
mamot	10411
mampaabas	98911
mampadumah	26029
mampagantong	15617
mampahai	83294
mampahalap	15617
mampahancor	41647
mampahanjak	98911
mampahapus	10411
mampahawen	67676
mampahayak	177000
mampahiau	52058
mampahinje	31235
mampait	36441
mampajadi	15617
mampajadie	10411
mampakalah	124941
mampakanan	31235
mampakeleh	296735
mampakelehe	15617
mampalawa	36441
mampalawo	10411
mampalayang	62470
mampalembut	234265
mampalepah	20823
mampalomos	10411
mampalua	109323
mampamaju	15617
mampamancar	10411
mampamangat	15617
mampamohon	72882
mampandoi	182206
mampangat	10411
mampanjato	15617
mamparahae	10411
mamparahan	775678
mamparandah	72882
mamparasih	109323
mamparata	20823
mamparenang	10411
mamparotek	15617
mamparugi	31235
mamparundok	10411
mampasewa	20823
mampatamam	109323
mampatei	577854
mampatende	10411
mampatuso	26029
mampelai	20823
mampendeng	88500
mampeter	15617
mampihop	10411
mampikeh	20823
mampingat	145765
mampisik	41647
mampong	31235
mampuas	67676
mampuase	15617
mampukan	10411
mampun	249882
mamua	104117
mamukul	83294
mamumpong	135353
mamunah	10411
mamuno	26029
mamusit	26029
mamusoh	10411
mamutik	41647
mamutus	88500
mana	10411
manabe	31235
manaha	26029
manahan	98911
manaharep	504971
manahiu	62470
manahiue	10411
manak	62470
manakau	72882
manakaue	10411
manakiri	10411
manalih	2035504
manalihe	26029
manalikut	10411
manalua	197823
manaluae	15617
manambalik	20823
manambang	88500
manamean	119735
manampa	348794
manampae	15617
manampar	83294
manampara	150970
manampayah	255088
manampunan	41647
manampur	57264
manamuei	36441
manamunan	15617
manandik	20823
mananding	26029
manandinge	10411
manando	62470
manang	72882
mananggera	46853
mananggong	104117
manangis	255088
manangkajok	15617
manangkalau	10411
manangkaluli	10411
manangkalulie	15617
manangkero	26029
manangkilik	10411
manangkis	10411
mananjaro	203029
mananjong	400853
mananselo	52058
manantekas	26029
manantiring	93706
manantu	10411
manantuani	301941
manantuanie	41647
mananture	31235
mananya	10411
manara	333177
manarahing	26029
manarang	161382
manarange	31235
manari	36441
manarima	1311885
manarimae	88500
manarimakasih	203029
Manase	10411
manasehat	98911
Manason	10411
manata	41647
manatae	10411
manatai	10411
manatamba	10411
manatap	171794
manatape	10411
manatawe	20823
manatum	52058
manawah	10411
manawan	255088
manawor	93706
mancalaka	10411
mancoba	62470
manculop	20823
mandahang	114529
mandai	145765
mandamai	15617
mandang	31235
mandaptar	15617
mandarhaka	161382
mandari	15617
mandawa	72882
mandehen	93706
mandeko	57264
manderoh	57264
mandidik	10411
mandino	1124472
mandinoe	31235
mandohop	609089
manduae	20823
manduan	557030
manduroh	26029
manegah	36441
manelen	10411
manempak	10411
manempo	98911
manenga	2196886
manengae	57264
manetek	36441
maneweng	10411
mangabar	223853
mangabeken	31235
mangabuat	46853
mangacau	20823
mangado	46853
mangadu	10411
mangagalan	67676
mangahana	166588
mangahandak	62470
mangaku	296735
mangalambo	20823
mangalapean	41647
mangalasot	26029
mangali	15617
mangaliling	57264
mangalilinge	10411
mangalindong	41647
mangalingkar	10411
mangalukop	10411
mangambuah	41647
mangamburi	10411
manganan	140559
mangangkewul	26029
manganjungen	15617
mangantok	20823
mangapala	15617
mangapehe	208235
mangapong	10411
mangarimbong	10411
mangarimpong	15617
mangarinah	41647
mangaruntong	26029
mangasene	687177
mangat	3472330
mangatau	20823
mangatawan	437295
mangehu	36441
mangejau	140559
mangenang	15617
manggaling	15617
mangganti	15617
manggare	10411
manggatang	140559
manggau	973502
manggaue	10411
manggayap	52058
manggayar	20823
manggeger	10411
manggenep	15617
manggerek	15617
manggetem	93706
manggeto	20823
manggiling	15617
manggoang	31235
manggoda	10411
mangguna	46853
mangguroh	10411
mangiap	10411
mangibas	15617
mangilak	10411
mangilat	41647
mangira	31235
mangirim	249882
mangiwak	109323
mangkariak	390441
mangkarieng	10411
mangkat	119735
mangkeme	864178
mangkepae	15617
mangkepan	88500
mangkok	72882
mangop	10411
mangorban	31235
mangotak	15617
mangotake	10411
manguan	31235
manguasa	135353
mangubur	62470
mangubure	15617
mangumbang	31235
mangurang	10411
manhu	20823
manida	20823
manigong	104117
manigonge	10411
manilai	31235
manimbang	20823
manindak	20823
manindar	15617
maninduh	20823
maningak	52058
maningkes	57264
maninjok	46853
manintu	114529
manipu	57264
manirok	234265
maniroke	10411
manis	36441
manjabak	67676
manjadi	4669686
manjadian	145765
manjaga	192618
manjagae	20823
manjahaman	26029
manjakah	26029
manjakahe	31235
manjala	10411
manjanji	20823
manjapa	93706
manjarat	15617
manjato	312353
manjawet	10411
manjawut	10411
manjelap	10411
manjijit	52058
manjual	57264
manjuju	20823
manjujue	10411
manjulok	15617
manok	67676
manokep	140559
manolak	119735
manolang	31235
manombah	10411
manongkang	57264
manongkange	41647
manontong	31235
manotong	26029
mansanae	62470
mansanan	1265032
mantajok	15617
mantehau	661148
manujum	57264
manukas	177000
manukase	20823
manumoe	31235
manumon	1697121
manumpang	20823
manun	41647
manunjok	10411
manuntut	307147
manuron	26029
manusoh	62470
manutup	88500
manutupe	10411
manyadakah	31235
manyadia	10411
manyahokan	62470
manyakatik	15617
manyaksi	57264
manyala	10411
manyalamat	400853
manyalamate	15617
manyalan	171794
manyalidik	10411
manyama	15617
manyambalih	31235
manyambar	15617
manyambur	10411
manyambut	15617
manyampai	447706
manyampaie	10411
manyampalaki	88500
manyan	15617
manyanang	327971
manyandehan	67676
manyang	119735
manyangit	31235
manyangka	192618
manyangkulepe	10411
manyanyi	114529
manyapa	41647
manyarah	525795
manyarahe	36441
manyaramin	10411
manyarang	36441
manyarangan	10411
manyarenae	10411
manyarenan	203029
manyarita	265500
manyarongan	15617
manyaroroi	26029
manyasal	46853
manyatiar	10411
manyegel	10411
manyeke	10411
manyembah	577854
manyeneh	31235
manyengkel	10411
manyengok	31235
manyewut	624707
manyewute	20823
manyiar	26029
manyidang	10411
manyilak	20823
manyingah	26029
manyingi	62470
manyingkap	10411
manyium	26029
manyoho	1462855
manyohoe	10411
manyondau	67676
manyonto	31235
manyuang	46853
manyuange	10411
manyukup	15617
manyuloh	15617
manyunat	36441
manyurat	343588
manyurate	15617
manyurop	10411
manyusah	72882
manyusun	10411
maongkos	10411
mapui	10411
marabit	26029
marabut	10411
marajie	10411
marajin	26029
marajur	150970
marak	1015149
maram	36441
marampas	83294
marampi	10411
marantai	10411
marantat	10411
marasih	72882
marawei	62470
mardeka	109323
marega	36441
marenang	10411
marentah	681971
Maria	432089
mariksa	88500
marima	15617
marintis	10411
mariwis	31235
markas	31235
Markus	57264
maroyal	10411
Marta	98911
marusak	119735
marusake	15617
masak	26029
masem	20823
masi	244676
masip	15617
Masmur	15617
mastahel	26029
mata	15617
matae	41647
matam	88500
matan	223853
matanandau	187412
matangku	15617
Matat	10411
mate	93706
matehau	10411
matei	1920974
matep	15617
matepe	10411
Mateus	36441
Matias	10411
mator	41647
mauji	26029
maurus	57264
mausul	10411
mawi	2733093
mawie	406059
mayakin	10411
Mazmur	10411
mbarita	10411
mbuhen	265500
Mbuhen	364412
meja	41647
mejan	20823
melai	1093237
melayani	10411
meles	20823
Melkisedek	83294
mempas	20823
men	10411
mendeng	708001
mengkak	52058
menjadi	15617
mentai	265500
menteng	57264
menter	46853
menyak	10411
menyau	88500
mesbeh	104117
Mesias	10411
Mesopotamia	10411
meter	36441
meto	520589
metoh	1879327
metohe	229059
meton	52058
mia	26029
miar	83294
mias	26029
mihik	15617
mihir	57264
mihop	364412
mihope	15617
mije	177000
mikeh	827736
Mikhael	26029
Miletus	15617
milim	130147
mimbing	452912
mimbit	1291061
mimbite	41647
mimbul	57264
mimbule	31235
mimes	20823
mina	135353
mindah	20823
mingat	374824
minggo	72882
mingkes	255088
mingkese	20823
mintih	265500
minyak	130147
mipen	265500
mise	15617
misek	1166120
Misia	10411
misik	239471
Misir	203029
misut	10411
mite	2717476
mitee	166588
mobah	52058
mohon	348794
mohos	20823
mondok	770472
Moses	666354
muap	83294
mudahan	10411
mudak	10411
muhat	26029
mukei	83294
mukeie	10411
mukur	26029
mules	20823
muloh	15617
mundur	41647
mungkar	26029
mungkin	124941
mur	15617
murah	83294
mureh	26029
murid	2155239
muridm	10411
musik	26029
musoh	177000
musohe	10411
musohku	10411
musohm	20823
musti	2311416
mutiara	57264
nabi	911031
naga	104117
nah	93706
Nah	380030
Nahason	10411
nahuang	31235
Nak	10411
nambalik	10411
nampara	791295
nampunan	10411
Nampunan	10411
naniha	10411
nantekas	15617
Nantuani	10411
Naptali	15617
narai	203029
naraka	93706
Nasaret	161382
nasehat	156176
nasehatku	26029
NASKAH	10411
Natanael	31235
Natap	20823
nauhe	140559
negara	150970
ngambo	62470
ngibas	10411
ngiwa	10411
nguan	31235
nihau	416471
Nikodemus	36441
Nikolaus	15617
nilam	10411
Niniwe	26029
Noah	62470
nujum	10411
Nuntut	10411
nupi	46853
Nyadia	10411
nyaho	67676
nyalamat	20823
nyalan	15617
nyaleweng	10411
nyamae	83294
nyaman	93706
nyamang	10411
nyamangku	10411
nyame	369618
nyampai	10411
Nyampai	20823
Nyampalaki	46853
nyanyi	57264
nyanyin	20823
nyelo	390441
nyeloe	20823
o	135353
O	275912
Obed	10411
obor	10411
olih	1062002
olihe	20823
oloe	31235
oloh	28205528
olon	1645062
omba	1082825
ombet	46853
Onesimus	20823
Onesiporus	15617
ongkos	20823
onta	31235
ontong	140559
oru	109323
Pa	203029
paabas	15617
padadusae	20823
padadusan	270706
padadusang	10411
padahal	343588
padan	10411
padang	380030
padange	20823
padangm	10411
paduli	114529
padulie	10411
pagar	15617
pagawai	135353
paha	57264
pahabandong	10411
pahai	57264
paham	1181737
pahari	3076682
paharie	348794
paharim	93706
paharin	322765
paharing	67676
paharingku	109323
pahias	130147
pahurup	10411
pai	36441
paie	104117
paim	41647
pain	124941
paing	31235
paingku	15617
paintih	36441
paisek	83294
paite	41647
pajabat	57264
pajak	213441
pakaiae	67676
pakaian	317559
pakakas	41647
pakara	10411
pakat	156176
pakeleh	10411
Pakeleh	10411
paku	10411
palabohan	31235
palaku	10411
palakue	15617
palakun	52058
palakungku	10411
palapah	10411
palapas	26029
palapase	15617
palauk	20823
pali	62470
paling	182206
Palua	10411
palus	5185069
pamalan	62470
pamarentah	140559
pamarentahan	31235
pamasi	31235
pambarita	15617
pambarontakan	15617
pambasa	10411
pambelaan	20823
pambelom	1202561
pambelome	156176
pambelomku	15617
pamberontakan	10411
pambusau	36441
pamimpin	583060
pampandoi	57264
Pampandoi	150970
pampatei	999531
pampateie	31235
Pampilia	26029
pampingat	46853
pamuno	46853
panagih	135353
panah	10411
panakan	20823
panakau	36441
pananjaro	218647
panatau	145765
panataue	36441
panataum	10411
pancar	10411
pandak	62470
pandan	15617
pandang	15617
pande	15617
pandehan	114529
Pandehan	234265
pander	57264
pandidikae	10411
pandinoe	10411
pandohop	130147
pandumah	20823
panenga	354000
panengan	93706
pangabar	10411
pangadilan	93706
pangaduan	20823
panganten	119735
pangaroh	10411
pangaruh	31235
pangaruhe	20823
pangatawae	41647
pangatawan	119735
pangawal	119735
pangawas	10411
pangawie	15617
pangawin	15617
panggarap	31235
panggawi	26029
pangguet	10411
pangguete	15617
panginae	41647
panginan	666354
pangingat	88500
pangkagantonge	10411
pangkahai	31235
Pangkahai	57264
pangkahaie	57264
Pangkahain	26029
pangkahalape	31235
pangkaheloe	57264
pangkakorike	36441
pangkalepahe	26029
pangkalikute	10411
pangkalima	20823
pangkarahiae	119735
pangkasolake	67676
pangkat	83294
pangkate	10411
pangkeme	36441
pangkemeku	20823
panguasa	197823
pangun	57264
panja	15617
panjaga	15617
panjalanae	67676
panjalanan	10411
panjalanangku	31235
panjang	72882
pantai	57264
pantas	10411
pantehau	20823
panumah	124941
panumahe	31235
panumon	15617
panyakit	187412
panyakite	20823
panyalamat	46853
Panyalamat	489353
panyangkum	10411
panyembah	15617
papa	1410797
papan	10411
Papos	10411
parahan	20823
Parahan	26029
parak	10411
parampok	41647
parang	83294
parangkep	10411
Parao	20823
parapah	411265
parapahe	31235
parapahm	15617
parawei	15617
parayap	15617
parei	31235
parentah	676766
parentahku	10411
paribasa	458118
paribasae	46853
Paribasae	93706
Parisi	557030
parit	10411
parokate	10411
parusoh	26029
pas	62470
pasah	15617
pasang	15617
pasar	57264
pasi	62470
pasir	192618
Paska	187412
pasong	15617
pasti	291530
pasukan	98911
Patara	10411
Patei	31235
pati	20823
patin	26029
pating	10411
patinge	10411
patua	15617
patuh	10411
patut	541412
Paulus	1613826
peda	20823
pehe	31235
pehok	10411
pehon	10411
pelanggaran	36441
pelayan	26029
Peliks	62470
pemuda	20823
penda	301941
pengadilan	93706
pengantar	10411
pengawal	26029
Peniks	10411
penjara	463324
Pentakosta	15617
per	36441
perak	156176
perang	15617
percaya	3029829
percayae	10411
Peres	10411
Perga	15617
Pergamus	10411
perjuangan	26029
perkara	145765
perkarae	46853
perkaran	20823
perlu	218647
permata	10411
permisi	36441
pertandingan	15617
perwira	156176
pesta	489353
Pestus	78088
petak	1228590
petake	31235
peteh	203029
peteng	57264
Petrus	1369149
petugas	10411
pihak	52058
pijem	26029
pikir	26029
Piladelpia	10411
Pilatus	406059
Pilemon	10411
Pilippi	41647
Pilippus	218647
pilus	15617
pimpinan	46853
pindah	36441
pinding	145765
pindinge	26029
pintar	234265
pipim	20823
Pirdaus	10411
pire	1520120
piring	20823
pisah	10411
Pisidia	20823
Poinike	20823
polisi	36441
Pontius	15617
Pontus	15617
pot	15617
prajurit	130147
Prigia	15617
Priskila	36441
propinsi	41647
pualam	15617
puasa	98911
puat	15617
puji	822531
pukul	130147
pulau	114529
pulih	10411
puluh	364412
pumpong	98911
puna	1348326
Punae	52058
punah	20823
pupuk	10411
pura	177000
puting	20823
putinge	10411
Rabi	15617
rabite	10411
ragi	36441
ragin	41647
ragu	10411
Rahab	15617
rahasia	57264
rahian	369618
rai	15617
rait	15617
raja	432089
Raja	817325
rajaki	10411
Rajam	10411
rajan	203029
rajawali	15617
rajin	515383
raju	83294
rajur	88500
rakyat	20823
rami	36441
ramo	83294
ramoe	109323
ramom	26029
ramon	78088
ramongku	15617
randah	150970
rantai	46853
rantang	46853
rapat	10411
rarampah	31235
Raruju	10411
rasih	15617
rasul	614295
rata	15617
Ratu	15617
ratus	93706
rayat	15617
Rayat	15617
rayate	15617
Rebeka	15617
rega	26029
regae	62470
regan	46853
rencana	177000
rencanae	20823
rende	46853
rendeng	46853
rewar	281118
riak	41647
ridu	20823
Riksa	10411
rimae	572648
riman	135353
rinting	15617
riwut	244676
Rode	10411
roh	676766
Roh	1603415
rohani	41647
rohku	26029
Roma	234265
rombongan	10411
rote	588265
rotek	10411
rotik	15617
rowut	93706
rugi	15617
rumbak	46853
Rupus	15617
rusak	67676
rusoh	20823
rutik	10411
sabab	145765
sababe	478942
sabakhtani	10411
sabar	239471
Sabat	322765
sadakah	46853
sadia	41647
sadingen	67676
Saduki	78088
sah	20823
sahelo	10411
Saiton	31235
saitun	31235
Saitun	31235
sakahandak	20823
sakalepah	57264
sakalepahe	20823
Sakaria	93706
sakatik	114529
Sakeus	20823
sakola	10411
sakolae	10411
sakoyan	57264
saksi	171794
saksie	10411
saksin	10411
sala	187412
salahimbal	10411
salamat	510177
salatan	52058
Salem	15617
salenga	182206
salepah	510177
Salmon	15617
Salome	10411
Salomo	57264
salundike	10411
sama	3529595
samandiai	1322296
samandiaie	46853
Samaria	135353
samasinde	369618
Sambalih	10411
sambil	447706
sambile	10411
sampai	3904419
sampalaki	150970
sampalakie	31235
sampalakin	31235
sampet	31235
Samuel	15617
sana	62470
Sana	150970
sanai	15617
sanaman	52058
sanan	229059
sanang	265500
sandurong	31235
sangit	15617
sangkalap	41647
sangkarah	31235
sanjata	36441
sanonoh	20823
saoli	26029
sapa	67676
sapan	10411
sapatu	31235
sapatun	26029
sapau	31235
sapertelo	83294
sapi	119735
sapire	46853
sapuluh	182206
sapuluhe	10411
sapunae	281118
saputangan	10411
sar	15617
saraba	15617
sarah	20823
Sarah	36441
sarai	10411
saramin	10411
saran	312353
sarangae	26029
sarangan	88500
saratus	83294
Sardis	15617
sare	15617
sarigala	26029
sarita	93706
saritae	15617
saritan	31235
sarohan	67676
sarohang	20823
saroroi	10411
sasar	432089
satengah	52058
satiar	36441
satuju	20823
sauh	26029
Saulus	218647
sawae	229059
sawah	10411
sawalas	36441
sawan	98911
sawi	41647
sayang	10411
Sealtiel	10411
Sebedeus	52058
Sebulon	15617
secara	124941
segah	57264
segel	88500
seke	15617
sekoci	26029
sekretaris	10411
semangat	26029
senjata	15617
sensus	15617
sepsimpan	124941
serok	10411
seroke	26029
Serubabel	10411
setan	812119
sewu	31235
sewut	26029
sidang	62470
side	20823
siden	20823
Sidon	57264
sihir	26029
Sikhar	10411
Sikhem	10411
sikon	72882
sila	20823
silae	114529
silan	119735
Silas	182206
Siloam	20823
Simeon	36441
simit	10411
Simon	473736
simpan	15617
Sinai	26029
sinde	400853
singa	41647
sinta	1218178
sintae	10411
Sintae	10411
sintan	166588
Sion	36441
sipat	213441
Siprus	41647
sir	15617
Siria	52058
sium	10411
Smirna	10411
soal	124941
soale	10411
sobat	57264
sobate	31235
Sodom	52058
soho	171794
sola	83294
solake	546618
sombayang	499765
sombong	10411
sondau	327971
sondaue	26029
sonto	166588
sontop	150970
sorga	832942
Sostenes	10411
Spanyol	15617
Stepanus	114529
Suang	10411
sukah	46853
suku	104117
sukup	213441
suling	10411
sumbangan	62470
sumbo	150970
sumboe	20823
sumbon	15617
sumpah	83294
sumpahe	26029
sumur	26029
sunat	135353
sungei	46853
Sungei	88500
suni	223853
surak	10411
surat	603883
Surat	1009943
surate	15617
suratku	46853
susah	291530
susu	15617
susun	10411
syarat	10411
taat	124941
tabagi	20823
tabe	208235
tabela	218647
taben	52058
tabengku	52058
tabiri	447706
tabirie	31235
tabirin	26029
tabiring	31235
Tabita	10411
Taddeus	10411
tadoh	31235
tagal	2566505
tagaling	10411
tagar	20823
tagatang	10411
tahan	119735
tahanan	78088
taharep	1035972
taharepe	10411
taharepku	15617
taharu	52058
tahasak	57264
tahaseng	26029
tahasenge	15617
taheta	478942
tahi	343588
tahiu	2873652
tahun	10411
Tajok	10411
takan	20823
takikeh	10411
takining	31235
takolok	270706
takoloke	88500
takolokm	15617
talaga	41647
tali	26029
talih	114529
talin	46853
taloh	9047842
tama	78088
tamam	197823
taman	26029
tamanang	31235
tambaga	52058
tambakas	15617
tambakase	41647
tambang	10411
Tambiran	15617
tame	1098443
tampae	15617
tampaliau	78088
tampan	67676
tamparae	135353
tamparan	36441
tampayah	223853
tampayahe	26029
tamput	10411
tamu	10411
tamuei	72882
tana	114529
tanae	26029
tanah	182206
tanan	15617
tanda	270706
tandae	46853
tanding	83294
tandipah	10411
tandok	26029
tandoke	20823
tangga	10411
tanggar	41647
tanggong	57264
tanggongan	20823
tanggung	10411
tangis	41647
tanjaro	135353
tanjaron	10411
tanjo	20823
tanjong	31235
tanjonge	20823
tantahae	10411
tantahan	52058
tantai	166588
tantanan	20823
tantara	52058
tantarang	26029
tapa	10411
tapaare	15617
tapakan	62470
tapas	156176
tapatiroh	26029
tapi	3212036
Tapi	5044510
tapisah	10411
tara	286324
tarabelep	15617
taragitan	20823
tarahing	15617
tarahining	88500
taraingat	62470
taraise	10411
tarang	307147
tarapaksa	15617
tarasanan	15617
tarasapa	36441
tarasarenan	10411
tarasondau	26029
tarasurat	661148
tarawang	26029
tarewen	57264
tarima	93706
tarimakasih	223853
tarompet	62470
tarompete	46853
Tarsus	26029
tarus	135353
tasik	281118
tata	10411
tatame	20823
tatamput	15617
tatap	208235
tatau	275912
tatawe	15617
tatindar	10411
tato	400853
tatum	10411
tatutup	10411
tau	5086157
taukah	10411
tawan	26029
tawanan	20823
tayap	124941
te	32109948
teah	93706
tege	10411
teha	26029
tehau	41647
telo	525795
tempoe	203029
tempon	390441
tende	171794
tenga	156176
tenong	20823
tentara	88500
Teopilus	10411
tepong	26029
terai	109323
tersinggung	10411
Tertulus	15617
terus	26029
Tesalonika	52058
tetek	26029
tetep	484148
Tiatira	20823
Tiberias	15617
tihang	20823
tikas	78088
tikase	20823
Tikhikus	36441
timben	15617
timor	83294
Timoteus	187412
tinai	3212036
tindakan	10411
tinduh	307147
tingak	10411
tingen	62470
tingkah	10411
tingkat	83294
tingkate	15617
tingkep	10411
tingkes	130147
tintue	10411
tintun	72882
tipu	26029
tiroh	10411
tirok	598677
tiroke	62470
tirokku	20823
tirokm	36441
Tirus	62470
tisan	31235
tisin	10411
titi	10411
titip	31235
Titus	104117
tiwing	31235
toh	8152428
tokep	359206
tokoh	10411
tolak	26029
tolang	20823
Tomas	67676
tombah	1816856
tombahm	10411
tongkeh	20823
toto	3487948
totok	20823
Troas	36441
Tropimus	15617
tuan	255088
Tuan	687177
tugas	10411
Tuhan	4419803
Tuhangku	26029
tujah	10411
tujum	36441
tukang	359206
tukas	31235
tulang	26029
tulange	10411
tulas	31235
tulis	10411
tulus	31235
tumon	260294
tumpul	10411
tunangae	26029
tundah	46853
tundok	62470
tunggal	83294
tunjok	10411
tunjoke	10411
tuntang	26857202
turonae	36441
turonam	26029
turonan	301941
tutup	78088
uap	10411
udara	10411
uhat	36441
uhate	20823
ujan	114529
uju	458118
ujue	10411
uka	4602009
ukur	10411
ukuran	31235
ulang	10411
Ule	10411
umai	10411
Umai	10411
umum	26029
umur	36441
umure	72882
undur	26029
undus	20823
ungkup	1780415
ungu	15617
upacara	31235
upah	171794
upahe	36441
upak	62470
upon	62470
uras	1160914
urase	93706
uret	15617
urusan	52058
usah	244676
usahae	10411
usang	104117
usok	36441
usoke	10411
utang	15617
utange	31235
utangku	10411
utangm	31235
utara	10411
utus	26029
utusan	20823
utut	10411
utute	41647
uyah	41647
uyate	20823
v	10411
wadai	10411
walas	135353
warga	57264
waris	31235
warisae	15617
warisan	20823
warise	10411
warnae	36441
watas	41647
wayah	708001
wayahe	57264
wilayah	26029
Yairus	62470
yakin	36441
Yakob	135353
Yakobus	218647
Yamres	10411
Yanes	10411
Yason	20823
Yehudi	2196886
Yekhonia	10411
Yeremia	15617
Yerikho	31235
Yerusalem	812119
Yesaya	119735
Yesus	11650788
Yoh	26029
Yohana	10411
Yohanes	1046384
Yona	72882
Yope	62470
Yordan	78088
Yosep	296735
Yoses	15617
Yosua	10411
Yuda	301941
Yudas	286324
Yudea	26029
Yulius	10411
Yunani	109323
Yustus	15617
Zeus	10411
