
# SPDX-License-Identifier: Unicode-DFS-2016
# Corpus-Size: 183482

aaicha	21800
aaichene	43601
aain	54501
aaine	27250
aaita	10900
Aanca	27250
aanclaauru	10900
Aanderesi	70851
Aanderesine	10900
aanjera	43601
aanjeraauru	16350
aanjerana	10900
aansai	316107
aansaineein	228905
aansijieein	10900
aansijieeiniji	10900
aansijieeinniji	16350
aansijiin	59951
aansijiiniji	16350
Aaroon	32700
aasaaena	10900
aasaaeriin	21800
aasaeca	10900
aasaecane	10900
aasaehai	16350
aasaerane	10900
aasaeraneein	16350
aasaeriin	38150
aasajeein	43601
aasare	10900
aaso	27250
abaantaacaanu	10900
abaantaacachenete	16350
abaantaain	381508
abaantaanune	10900
abaantain	10900
abaantana	65401
abaantanaa	27250
abaantareeun	16350
abaantarichaaunnine	10900
abaantasine	10900
abaataain	32700
Abaraaun	583163
Abaraauncha	27250
Abaraaunne	114452
Abaraaunte	16350
Abeli	21800
abero	16350
Abiasa	16350
Abiod	10900
abogado	21800
aca	1155426
acaacha	288856
acaachanejeein	21800
acaachate	54501
acaaentonai	109002
acaaentonaine	10900
Acaaentonaite	10900
acaaentonoai	16350
acaauru	10469691
acaauruacha	10900
acaauruhacha	675815
acaaurute	54501
Acaaurute	354258
Acabo	10900
acaentonai	81751
Acaiha	81751
acaihanejeein	38150
acaihanejei	43601
acaihanejein	65401
Acaihanejein	114452
acaihaniji	277956
acaihanijin	21800
Acaihanijin	21800
Acane	16350
acaneein	185304
acaneeun	16350
acanichaaunne	32700
Acanihahaunta	16350
acanihane	119902
acano	98102
acanocuru	21800
acanone	21800
Acara	16350
Acasi	10900
acate	65401
Acate	991922
Acatechu	27250
acatecuche	10900
acatecure	10900
acatecuruhane	16350
acatecurureein	10900
acateein	337907
acateeine	16350
acateeu	21800
acateeura	10900
acatelanaala	27250
acatelu	16350
acatemiin	16350
acatena	98102
acatenereein	27250
acatequichene	27250
acatera	10900
acateraanu	10900
acatereein	21800
acatereeunni	21800
acatichaaunne	10900
acatiha	555912
acatihane	16350
acau	637664
acauhana	16350
acauhanau	136253
acauna	10900
acaune	16350
acaute	16350
achano	10900
achotoritiin	16350
achune	38150
achunequiin	65401
acuujua	212554
acuujuaniha	32700
acuujuate	32700
Adaan	43601
Adaane	21800
Adaante	10900
Adiin	10900
aerene	38150
Aforo	49051
Aforone	10900
afosoto	59951
afosotolo	10900
afosotoneein	10900
afosotoneeun	10900
afosotonichaaunne	10900
afosotooru	305207
afosotooruhacha	16350
afosotoorune	38150
Ahan	10900
ai	136253
aicha	43601
aicheein	267056
aicheeincha	16350
aichejetocuruha	10900
aiha	457810
aihaacache	10900
aihaca	10900
aihacaanu	10900
aihacaanune	21800
aihacaanura	16350
aihacache	10900
aihachuhisi	10900
Aihachuhisi	32700
Aihachuhisicha	10900
aihahacaanu	10900
Aihahacaanuta	10900
aihalu	87202
aihalune	43601
aihana	16350
Aihana	1057324
aihane	223455
Aihane	877470
aihanete	21800
Aihanu	27250
aihanune	49051
Aihara	16350
Aihate	38150
aihei	92652
Aihei	98102
aiheilu	10900
aihun	16350
aihunra	16350
aihure	119902
aihurene	16350
aihurenihane	10900
aihurera	16350
aihuruha	201654
aihuruhalu	49051
aihuruhalune	10900
aihuruhane	76301
aihuruhi	10900
aihurureein	16350
aihute	16350
Aihute	125352
ailu	54501
aina	11178208
ainaa	76301
ainaacha	92652
ainaan	10900
ainana	16350
ainane	174404
ainara	32700
ainata	16350
ainate	147153
aine	27250
aineeichene	21800
Aineeichenete	10900
aineeun	10900
ainihane	43601
Ainihane	92652
Ainihanena	21800
ainihanete	10900
Ainihanete	10900
airichaacheein	10900
airichaaine	16350
airichaainne	21800
airijiin	103552
airijiinte	27250
airinaain	16350
airiniha	70851
airiquicheein	16350
aite	512311
aitelanaala	16350
aitelu	179854
aitenihanune	27250
aitera	32700
aitete	43601
aitiin	621314
aitiinte	16350
aitoaaun	10900
aitocoaache	16350
aitocoaanu	87202
aitocoaanulune	21800
aitocoaanune	38150
aitocoaaun	21800
aitocoaaunlune	16350
aitocoaaunne	212554
aitocoaaunnete	10900
aitocoaunna	16350
aitocoaunne	76301
aitocohichene	32700
aitocoiche	65401
aitocoichene	59951
aitocoichera	10900
aitocuche	10900
aitocuchete	10900
aitocure	141703
aitocurelu	10900
aitocurene	16350
aitocuruha	59951
aitocuruhalu	10900
aitocuruhane	76301
aitoha	572263
aitohaacaanu	10900
aitohaaun	49051
aitohacaanu	10900
aitohalu	92652
aitohalune	59951
aitohana	10900
aitohane	370608
aitohate	10900
aitoheeiche	10900
aitohi	119902
aitohicha	43601
aitohilu	10900
aitohine	109002
aitohite	10900
aitona	49051
aitonajacoon	16350
aitonajacoonra	10900
aitonjoan	32700
aitoojoan	32700
aitoon	664915
aitoonchera	10900
aitoonjoa	272506
aitoonjoaacha	10900
aitoonjoalu	16350
aitoonjoan	523212
aitoonjoante	27250
aitoonjoate	10900
aitoonlu	21800
aitoonra	43601
aitoote	49051
aitoreein	27250
aitoreeun	10900
aitoreeunicha	16350
aitoreeunni	207104
aitorichaanuhin	10900
aitorichaaunine	16350
aitorinaain	10900
aitoroaetohane	10900
aitoroatiha	16350
aitosiha	10900
aitosihalu	16350
ajaa	38150
ajaabiji	49051
ajaanaa	27250
ajaanaane	10900
ajaanacaain	16350
ajaanacaneein	10900
ajaane	10900
ajaano	16350
ajaena	136253
ajaenane	16350
ajane	10900
ajeein	16350
ajelanaala	10900
ajenaacha	10900
ajenacaauru	16350
ajeri	692165
ajerichuru	10900
ajerineein	10900
ajerite	16350
ajetoriaacuru	10900
ajetoritelanaala	10900
ajetoritiin	21800
ajiarojoeritiin	16350
ajiarotiin	10900
ajinaain	16350
ajiniha	506861
ajinihana	10900
ajinihane	10900
ajinihate	38150
Alejaandiria	21800
Alejaandoro	27250
alo	16350
alone	10900
altar	59951
amaa	49051
amaaiche	21800
amaain	621314
amaaine	16350
amaane	32700
amaau	10900
amaauche	10900
amaaunlu	10900
amaaure	125352
amaaurerane	16350
amaauruha	59951
amaauruhane	136253
amaaurureein	10900
amae	49051
amaelanaala	16350
amaera	21800
amaeraneein	16350
amaeranu	10900
amaerate	10900
amai	54501
amanaa	38150
amanajaain	32700
amanajaane	16350
amanajaaunre	10900
amanajaauruhane	21800
amanajae	10900
amanojoineein	16350
amanojoinihane	21800
amihaneein	76301
amihaneeo	109002
amihaneeon	81751
amihaneeonne	10900
amihaneeuche	10900
amihaneeuruhane	16350
amihanejeein	16350
amihanelanaala	16350
amihanena	10900
amihanenaa	337907
amihanenaana	10900
amihanenacaauru	136253
amihanenacaaurune	21800
amihanenihuche	10900
amihaniha	10900
amihanihane	16350
Aminadaba	21800
Amoon	10900
Amoso	10900
amue	136253
amuelanaala	16350
amuemujueein	10900
amuha	98102
amuhacaanu	10900
amuhacaanune	16350
amuhacache	10900
amuhane	70851
amuhanune	43601
amuhe	54501
amuhemuheca	32700
amuhemuhecaaunne	21800
amuhemuhecuruha	10900
amuhemuhecuruhane	10900
amuhemuhecurureein	10900
amuhemuhena	10900
amuhemuhenacaauru	65401
amuhemujeein	32700
amuhemujue	38150
amuhemujueein	179854
amuhichene	21800
amuhin	212554
amuhine	49051
amuhinte	21800
amunaa	27250
amunacaauru	16350
amuneein	54501
amure	10900
amureecha	10900
amurijirii	10900
amurijiriin	1160876
amurijiriinte	27250
amuritiin	114452
amuritoeraneein	21800
amuritoeriin	70851
amuritoeriinte	16350
amuritoha	10900
amuritohane	16350
amuritoheriin	790268
amuritoheriinte	27250
amuritoheriintejian	10900
amuritohichene	10900
amuritonaa	87202
amuritoojoaain	16350
amuritoorelu	10900
amute	185304
amuu	16350
amuuche	54501
amuuchera	10900
amuun	16350
amuura	38150
amuure	54501
amuuruha	49051
amuuruhane	27250
Ana	10900
anaae	10900
anajiin	54501
Ananihasi	49051
Ananihasine	10900
Ananihasineein	27250
Anasi	21800
anichoquiin	10900
anihoaeraneein	10900
aninoaain	43601
aninoaane	16350
anjera	517761
anjeraauru	441460
anjeraaurune	54501
anjeraaurute	10900
anjerane	130803
anjerate	32700
ansai	27250
ansaineein	49051
ansijiin	10900
Antioquiha	32700
Antioquihau	158053
anuu	16350
aohana	212554
aohanna	16350
aohanraa	10900
aohanraauru	38150
aohanraneein	10900
aohanrarinaain	10900
aohanriin	10900
aonaa	65401
aonaain	528662
aonaaina	27250
aonaaine	16350
aonaainte	21800
aonaane	81751
Aonaau	21800
aonaaun	65401
Aonaaun	65401
aonacaaun	21800
aonacaaunlu	10900
aonacaaunne	49051
aonacuche	54501
Aonacuche	190754
aonacuchena	21800
Aonacuchena	43601
aonacuchene	10900
Aonacuchene	16350
aonacuchete	10900
aonacure	21800
aonacurenihane	16350
aonacuruha	27250
aonacuruhane	125352
aonacuruhi	10900
aonacurumiin	81751
aonacurureein	10900
aonaelanaala	16350
aonaenihane	10900
aonaera	10900
aonaheeiche	16350
aonai	65401
aonaje	38150
aonajeein	92652
aonajeeinte	10900
aonajeeunre	10900
aonajeeure	114452
aonajeeurera	87202
aonajeeuruha	59951
aonajeeuruhana	10900
aonajeeuruhane	70851
aonajenajaain	10900
aonajera	32700
aonajian	16350
aonajiha	21800
aonajihane	16350
aonana	32700
aonaquiche	59951
aonaquichene	54501
aonaquichera	21800
aonaraauru	10900
Aquiin	10900
Aquila	43601
Aquirifa	76301
Aquirifane	10900
araai	457810
araaicha	21800
araaichuru	119902
araaichurune	10900
Araain	10900
araaineein	21800
araaisaain	10900
Araaun	10900
Arabia	16350
arafa	10900
Arafasa	10900
Arafeeo	27250
araineein	10900
arajii	452360
Arajiichurute	16350
arajiin	806618
Arajiite	21800
arara	38150
araraca	10900
araracaaeriin	10900
ararane	16350
arasijie	147153
arasijieeuru	10900
arasijiene	21800
areeroo	10900
Areopago	16350
areroo	141703
Aretemiasa	21800
Aretemiasara	10900
ari	10900
ariha	125352
arihacaanura	10900
arihane	21800
arihure	21800
arihuruhane	16350
ariiche	10900
ariichene	10900
ariicheta	10900
ariin	125352
ariiriichure	10900
ariirijie	21800
ariirijieeure	10900
Arimatea	21800
arina	16350
arinaa	10900
arinojoineein	21800
aririquicheein	10900
Arisitaroco	16350
Armi	16350
aroso	38150
arosone	10900
Arquipo	10900
Asa	10900
asaae	1084575
asaaecane	16350
asaaecha	10900
asaaene	32700
asaaera	10900
asaaere	16350
asaaete	16350
asaaun	43601
asae	692165
asaene	10900
asajai	32700
Asere	10900
asi	10900
Asia	109002
asihu	10900
asiin	32700
asijiauha	16350
asijiauharitiin	10900
asijiauhin	38150
asijiauto	21800
asijiautone	21800
asijiautoneein	21800
asijiautooru	38150
asilanaala	32700
asinojoineein	190754
asno	43601
asofere	27250
Asoo	10900
Asoro	10900
Asotoo	10900
ataebinae	348808
ataibinaae	21800
ataibinaaecuru	10900
ataibinae	27250
ataibinaen	21800
atane	1220828
atanebana	21800
atanebanane	10900
atanecuru	16350
ataneeuru	10900
atanene	16350
ataneu	87202
atanichoaae	10900
atanichoae	21800
ataohari	38150
ataoharine	38150
ate	272506
ateein	54501
ateinaa	21800
ateinaain	16350
ateinaauruhane	38150
ateinanohineeuruhane	16350
ateinanohiniha	10900
Atena	21800
Atenau	10900
atene	76301
atiin	801168
atiinte	16350
atinaa	10900
atinaain	49051
atinaaurelu	10900
atinaauruhane	49051
atinaaururichaainne	10900
atinanohichuru	10900
atinanohineein	10900
atinanohinelu	10900
atora	27250
auha	92652
auhaauhaquiin	16350
auhacaain	32700
auhacae	10900
auhania	10900
auhaniha	185304
auhaquiin	43601
auno	27250
auri	10900
auriteein	10900
ausirineein	21800
autana	103552
autanaauru	59951
autanaaurune	10900
autanane	27250
autananeein	10900
autanate	10900
baaejeein	21800
baaibaaichaain	10900
Baana	10900
baaso	2441656
baasohacha	70851
baasonajian	10900
baasone	43601
baasoneein	855669
baasoneerilanaala	10900
baasoniha	21800
baasooru	27250
baasote	10900
Babilonia	65401
baca	158053
bacaauru	16350
bacoorene	10900
bacosa	27250
bacosacuru	70851
bacosaneein	10900
bacuujua	59951
bacuujuaauru	16350
bacuujuane	27250
bacuujuaniha	10900
bai	38150
baichaje	54501
baiha	2327203
baihajirite	16350
baihana	38150
baihane	76301
baihate	681265
baihuru	54501
baijiaain	38150
baijiaelanaala	10900
baijiaeraanu	10900
baijiaeratecure	10900
baijiaraanu	49051
baineein	10900
baiteein	49051
baitenereein	10900
baitequichene	16350
baitichache	16350
baitiquichene	10900
bajaa	512311
bajaacaanu	98102
bajaacaanune	43601
bajaacachene	16350
bajaache	21800
bajaacoaaure	16350
bajaae	92652
bajaaebajaje	10900
bajaaebajajeein	21800
bajaaecure	16350
bajaaecuruhane	16350
bajaai	32700
bajaaiche	43601
bajaaichene	141703
bajaaichenete	16350
bajaain	239805
bajaaine	21800
bajaanaa	21800
bajaane	305207
bajaanete	10900
bajaanune	119902
bajaanunete	10900
bajaau	10900
bajaauche	125352
bajaauchete	38150
bajaaun	92652
bajaaure	277956
bajaaurera	65401
bajaaureraauru	21800
bajaauruha	152603
bajaauruhane	256155
bajaaute	16350
bajae	212554
bajaebajaecure	21800
bajaebajaequichene	10900
bajaebajajeein	59951
bajaebajajei	10900
bajaelanaala	27250
bajaera	38150
bajaeranihane	10900
bajaerate	21800
bajaheeiche	10900
bajai	81751
bajajeein	49051
bajanaa	92652
bajanaanaja	10900
bajanajacoon	10900
bajani	10900
bajareeun	10900
bajareeunni	32700
bajarejetohaaunlu	10900
bajauruhane	32700
bajeein	10900
bajeritiin	10900
bajiaa	43601
Bajiaana	10900
Bajiaanachuhinti	27250
Balaamne	10900
Balasito	10900
baluunetiin	10900
bana	3150172
banaachane	10900
banaachate	38150
banana	98102
banane	114452
bananeein	21800
bananeeinte	16350
banara	10900
banate	561362
banco	10900
banejelanaala	114452
banesijia	16350
banesijiateein	21800
banetojoe	10900
banetojoelanaala	10900
banihateein	158053
banijiaain	207104
banijiaaineein	27250
banijiai	10900
banijiaineein	54501
baotisaa	87202
baotisaain	87202
baotisaane	10900
baotisaanune	16350
baotisaaun	16350
baotisaauruhane	10900
baotisae	16350
baotisanaa	10900
baotisanajaa	10900
baotisanojoineein	43601
baotisanojoinichaane	10900
baotisarejete	10900
Baotisita	70851
Baotisitane	10900
Baotisitate	10900
Barabasi	49051
Barabasineein	10900
Barajesoso	10900
barijiitiin	16350
Bartolomee	21800
basiijiin	32700
basiinjiin	27250
basiinjiincha	10900
basijiauha	16350
basijiauhin	21800
basijiauna	10900
Basijiin	16350
batane	964672
batanecuru	10900
bataneu	49051
bataneun	10900
batene	10900
batiin	10900
batirichuru	196204
batocure	10900
batoelanaala	10900
batohi	16350
batohin	65401
baulenetoha	16350
be	136253
bedaenecuruha	10900
bedaenereeunni	10900
bedaeniha	16350
bee	32700
beebeje	190754
beebejeeiche	16350
beebejeein	239805
beebejeeine	27250
beebejeeun	54501
beebejeeunra	10900
beebejeeure	114452
beebejeeurera	10900
beebejeeuruane	10900
beebejeeuruha	10900
beebejeeuruhana	10900
beebejeeuruhane	65401
beebejei	201654
beebejeite	21800
beebejenaa	16350
beebejenojoineein	10900
beebejera	10900
beebejeraneein	16350
beebejereeunni	10900
beebejerejetocurelu	10900
beebejia	10900
beebejiha	141703
beebejihacaanu	38150
beebejihacaanune	27250
beebejihane	21800
beebejihanu	27250
beebejihanune	98102
beeiche	49051
beeichene	87202
beeichenena	10900
beein	397859
beeine	32700
beeinera	16350
Beelseboo	10900
Beelseboote	16350
beenei	10900
beeni	10900
Beenjamiin	21800
beeu	43601
beeuche	119902
beeuchete	21800
beeun	54501
beeuna	10900
beeune	32700
beeunebeeuneein	16350
beeuneein	10900
beeure	147153
beeurelu	16350
beeurene	10900
beeurera	32700
beeuruha	87202
beeuruhalu	16350
beeuruhana	21800
beeuruhane	207104
beeuruhinera	10900
bei	43601
Bejero	10900
bela	16350
belaae	10900
belaai	125352
belaaichene	59951
belaain	1144526
belaaine	87202
belaaineein	27250
belai	32700
belaicha	65401
belaichaachene	21800
belaichaaunne	16350
belaichaauru	59951
belaichaauruhacha	16350
belaichane	10900
belaichaneein	43601
belaichate	16350
belaicheein	16350
belaicheeunni	10900
belaiha	316107
belaihacanete	10900
belaihana	21800
belaihane	92652
belaihanune	10900
belaihu	27250
belaihuche	21800
belaihun	27250
belaihure	27250
belaihureniha	16350
belaihuri	49051
belaihuruha	10900
belaihuruhane	70851
belaihuruhine	16350
belailanaala	10900
belain	21800
belaina	59951
belaine	16350
belaineein	10900
belainihane	21800
belaitoha	54501
belaitohane	152603
belaitohanune	10900
belaitora	10900
belanaala	43601
Beleen	16350
Beleeun	49051
belu	130803
benaa	152603
benane	43601
benanecuru	10900
benaneneein	16350
benatei	10900
bene	119902
benecuru	38150
benene	16350
benichuche	32700
beniha	10900
benojoineein	10900
benojoinereein	10900
bera	517761
beraai	10900
beraaihurera	10900
beraaihuruhane	10900
beraain	49051
beraaine	10900
beraanu	21800
beracuru	54501
berai	10900
beraicha	207104
beraichaain	32700
beraichaanu	10900
beraichacuru	16350
beraichacurune	10900
beraichane	38150
beraichaneein	114452
beraichanu	32700
beraichate	10900
beraichateein	27250
beraicheein	32700
beraiha	32700
beraihane	38150
beraihu	10900
beraihuche	16350
beraihure	10900
beraihurera	98102
beraihureraauru	10900
beraihurerane	16350
beraihuri	10900
beraihuruha	21800
berailanaala	16350
berairichaain	10900
berane	32700
beraneein	174404
beranu	49051
berate	49051
berateein	59951
berateeure	10900
beratei	87202
berateite	10900
beratelu	43601
beratenojoi	201654
beratenojoin	179854
beratenojoineein	32700
beratenojoite	10900
beratiha	92652
beratihalu	49051
beratihalune	21800
beratihane	32700
Berea	10900
Bereau	16350
beree	32700
bereecuru	168953
bereein	16350
bereeneein	10900
bereeunni	21800
berejetocuruha	16350
Berenabeen	261606
Berenabeenne	21800
Berenisi	16350
berichaanuhin	10900
bero	343357
berooru	21800
beroteraanu	10900
besaute	32700
besautiaane	10900
besautiana	10900
besautiha	10900
beseta	523212
besetana	10900
besetane	21800
besetate	10900
besihalu	16350
besihalune	16350
Betabarau	10900
Betafajee	16350
Betania	16350
Betaniau	49051
Betesaaida	27250
Betesaaidau	10900
beuhite	16350
bichatane	32700
bichataneu	21800
bichauhena	10900
bichauhenaauru	267056
bichauhenaaurune	16350
bichauhenaneein	32700
bidirio	10900
biha	485061
bihacaanu	32700
bihacaanulu	10900
bihacaanune	59951
bihacachene	10900
bihalu	49051
bihalune	10900
bihana	16350
bihane	125352
bihanu	27250
bihanune	76301
biinaa	32700
biinaaneein	10900
biine	10900
biji	877470
bijihu	49051
bijihune	10900
bijii	38150
bijiicha	16350
bijiu	81751
bino	234355
binote	10900
bisicha	10900
bisichate	10900
bisihuruhane	21800
bisiin	27250
bisinojoineein	10900
bitoaa	49051
bitoaaiche	16350
bitoaain	32700
bitoaane	16350
bitoaanune	10900
bitoaauruhane	16350
bitoanaa	10900
bitoauruhane	10900
bitoha	10900
bodoosihuruhane	10900
bodoosiin	32700
boro	70851
Bosi	21800
bote	670365
boteeuru	21800
botena	10900
botene	32700
botete	10900
bronce	10900
bucu	10900
bucuhin	21800
bucuuru	16350
buey	10900
bujua	10900
bujuaihu	49051
bujuaneein	16350
bujuateraneein	10900
bujuau	16350
buri	16350
busi	10900
buuri	10900
caa	5559128
caaelai	21800
caaijie	283406
caaijiete	10900
Caain	10900
Caainne	10900
caainsi	38150
caainsii	49051
caainsiine	10900
caainsiineein	38150
caainsiinei	59951
caainsiini	16350
caainsine	38150
caainsineein	27250
caainsinei	54501
caaintaai	10900
caaintaelanaala	16350
caaintajelanaala	10900
caaintare	10900
caaintate	32700
caaintati	43601
caaintatiin	16350
caalai	32700
Caana	10900
caara	21800
caare	10900
Caate	174404
caatiha	10900
caaujiha	10900
caaun	468710
caaunna	43601
caaunne	16350
caaunra	10900
caaunsi	70851
caaunsine	10900
caaunsineein	38150
caaunsineeuri	10900
caaunsini	32700
caaunte	21800
Caaurute	27250
cabaiha	27250
cabara	21800
cabario	147153
cabariocuru	21800
cabarione	10900
Cabirieli	10900
cacaaijie	10900
cacairichanaa	10900
cacaje	92652
cacajene	10900
cacajione	10900
cacalabi	87202
cacalabihuru	54501
cacalabineein	16350
cacha	6970711
cachaaauru	16350
cachaacha	43601
cachaauru	5613629
cachaauruhacha	109002
cachaaurune	1302580
cachaaurunete	10900
cachaaurura	70851
cachaauruta	10900
cachaaurute	272506
cachana	70851
cachane	1417032
cachanecuruhane	10900
cachaneein	1324380
cachanelanaala	32700
cachanequichene	54501
cachanete	81751
cachanichaachene	70851
cachanu	10900
cachara	59951
cachata	38150
cachate	158053
cachauru	16350
cachenete	16350
cacoelaain	27250
cacoelaaina	10900
cacoelaaine	16350
cacoelai	16350
cacoelaichaauru	16350
cacoelaichaneein	10900
Cacoelaiha	10900
cacoharaa	21800
cacoharaain	10900
cacoharaau	10900
cacoharaaura	16350
Cacoharaerate	16350
cacoharanaa	10900
cacoharaririquicheein	10900
cacoichana	76301
cacoii	27250
cacoitucue	16350
cacoitucuha	10900
cacoitucuhichenete	10900
cacoitucuhin	21800
cacoitucunaa	10900
cacolane	21800
cacoluruheca	10900
cacoluruhecuruhane	16350
cacolurujueein	10900
cacorataane	38150
cacorataaneeichene	10900
cacorataaneeun	10900
cacorataanena	10900
cacorataanera	16350
cacorataaneraneein	10900
cacorataaniha	16350
cacoreniha	65401
cacorenihanete	10900
cacoulurujueein	16350
cacunu	87202
cacunune	21800
cacunura	10900
Cadara	10900
cadena	81751
caeneenejelanaala	16350
caenoaain	16350
caete	21800
caetecuruhane	27250
caetecurureein	10900
caeteein	32700
caeteeinera	10900
caetera	10900
cafarane	10900
Caferenaaon	109002
cafitaan	109002
cafitaancuru	10900
cafitaane	10900
cafitaaun	10900
caichoae	10900
Caifasi	65401
Caiho	32700
caijie	10900
caijiete	10900
cainaa	49051
cainaain	16350
cainaane	21800
cainacuruhane	16350
cainaeraneein	10900
cainanohine	10900
cainanohiniha	32700
cainaratereein	10900
cainareein	27250
cainareeunni	10900
cairichaa	130803
cairichaaerii	10900
cairichaaeriin	49051
cairichaaeriinte	10900
cairichaaerinojoineein	16350
cairichaaihuru	21800
cairichaain	92652
cairichaaine	10900
cairichaane	16350
cairichaaojoaa	32700
cairichaaojoaai	21800
Cairichaaojoaaiche	49051
cairichaaojoaain	468710
cairichaaojoaaure	16350
cairichaaojoaaurureein	16350
cairichaaojoareein	16350
cairichaau	10900
cairichaaurelu	10900
cairichaaurera	10900
cairichaauruha	16350
cairichaauruhane	38150
cairichaaurureein	10900
cairichaaururichaaine	16350
cairichaera	10900
cairichaeraneein	10900
cairichaeranu	65401
cairichaeratiha	10900
cairichaerii	10900
cairichaeriin	54501
cairichaerinojoineein	10900
Cairichaerinojoineein	10900
cairichai	32700
cairichaihuri	38150
cairichaihuru	76301
cairichaineein	38150
cairichainejeein	38150
cairichanaa	49051
cairichanojoineein	103552
cairichei	70851
cairicheihuru	38150
cairicheineein	32700
cairicheinejeein	70851
caitono	70851
caitoojoan	16350
caitoonjoa	98102
caitoonjoan	179854
caitoonjoante	32700
cajaaoruhane	16350
cajabereeo	65401
cajabereeon	10900
Cajabereeon	10900
cajabereeoneein	10900
cajaohin	16350
cajaonaa	38150
cajaooruhane	10900
caje	10627745
cajeecha	16350
cajeeuru	10900
cajeeurune	21800
Cajejian	10900
cajena	92652
cajene	179854
cajera	32700
cajete	218005
cajia	10900
cajianeein	43601
cajicheique	10900
cajiha	87202
cajihaneein	98102
cajiniichaain	32700
cajione	741217
cajionecohin	10900
cajionene	49051
cajionequiin	43601
cajionete	10900
cajioneteein	10900
calaa	10900
calaani	10900
calaaure	10900
calani	32700
calanineein	10900
calaohi	659465
Calaohi	2005646
calaohichuru	207104
calaohichuruhachate	10900
calaohichurune	21800
calaohilu	555912
calaohine	92652
calaohineein	218005
Calaohineein	218005
calaohinelu	10900
Calaohinera	10900
calaohite	21800
calaojoiin	10900
calaojoilanaala	16350
caletoaa	81751
caletoaai	10900
caletoaailu	10900
caletoaain	21800
caletoaaine	10900
caletoaana	10900
caletoae	147153
caletoaelu	16350
caletoaera	158053
caletoaerana	10900
caletoaina	10900
caletohane	16350
Calileea	436010
Calioon	10900
caloheri	21800
Camalieli	10900
camecho	10900
Camecho	10900
camela	38150
camijianeeo	16350
camijianeeon	16350
camotojoe	10900
camujuaain	32700
camute	10900
cana	7286818
Cana	25746394
canaacaanu	70851
canaacha	822969
canaanai	572263
canaanaicha	16350
canaanaihunru	38150
canaanaihuru	65401
canaanaihurune	16350
canaanaine	81751
canaanainichaaunne	16350
canaanainunru	38150
canaanainunrune	10900
canaanainuru	27250
canaanainurune	16350
Canaau	21800
Canaaun	16350
canacaanu	3161073
canacaanuhacha	343357
Canacaanuna	43601
canacaanune	21800
Canacaanune	92652
canacaanuta	21800
canamute	16350
canaque	10900
canate	27250
Canate	38150
canaun	10900
canejera	38150
canejeraauru	223455
Canejeraauru	245255
canejeraaurune	16350
canejeraneein	27250
canejerata	10900
caniha	201654
canihara	10900
canii	16350
canota	27250
canotajae	10900
canotara	10900
canu	6638253
canuhacha	757567
canuhachana	21800
canuhetonai	147153
Canuhetonaina	21800
canuhetonaine	16350
Canuhetonaine	21800
canuna	10900
Canuna	441460
canune	59951
Canune	441460
canuneein	70851
canuta	10900
Canute	10900
caoacha	32700
caoachaain	32700
caoachae	10900
caoachanainejeein	21800
caohacha	2021996
caohachaa	16350
caohachaacha	27250
Caohachaai	43601
caohachaain	1645938
Caohachaana	21800
caohachaauru	38150
caohachae	877470
caohachaene	32700
caohachaera	27250
caohachajeein	10900
Caohachajeineein	10900
caohachana	10900
caohachanainejeein	98102
caohachane	27250
caohachaneein	81751
caohachanejeein	27250
caohachanejei	10900
Caohachanejei	10900
caohachanejein	16350
caohachaniha	16350
caohachanijihane	10900
caohachanu	212554
caohachanuhacha	49051
caohachare	163503
caohacharelu	10900
caohacharihei	70851
caohachate	54501
caohate	125352
caohateein	87202
caohateeure	38150
caohateeuruha	10900
caohatera	27250
caohateraauru	10900
caohateraneein	38150
caohati	163503
caohatiha	54501
caohatihacaanu	21800
caohatihane	10900
caohatiin	545012
caohatiine	10900
caohatiinte	16350
caohatoha	59951
caohatonanaain	10900
Capadosia	10900
caque	234355
caraaichuru	10900
caraaje	10900
caraajenihane	125352
caraaotono	10900
carai	621314
caraicha	10900
caraina	10900
caraine	32700
caraite	10900
Caraite	21800
carajaa	21800
carajaaeriin	10900
carajaain	136253
carajaaojoaain	70851
carajaelanaala	27250
carajaelanaalane	16350
carajaneeina	10900
caratiriin	21800
caraturi	10900
carautaera	10900
carene	147153
carenero	141703
Carenero	256155
carenerocuru	81751
carenerone	16350
carerojoecaa	10900
caresero	517761
cari	239805
cariaain	10900
carichaaine	16350
carijieein	21800
carijijieein	10900
carine	10900
caritiin	179854
caritiinte	10900
Caritiinte	21800
carohan	32700
carora	32700
carorane	16350
caruruhin	16350
casaje	147153
casajeeicha	10900
casajeeuru	49051
casajeeurune	16350
casajene	10900
casajeneein	10900
casajenelanaala	21800
casajenetelanaala	10900
casajenetiin	76301
casetecaa	98102
casetecaai	10900
casetecaaichene	16350
casetecaain	92652
casetecaane	70851
casetecaanune	10900
casetecaaure	10900
casetecae	27250
casetecaelanaala	10900
casetecaeraneein	16350
casetecaeratereein	16350
casetecaeratihane	10900
casetecana	16350
casetecanohineein	21800
casetecanohiniha	10900
casetecaraneein	10900
casetecareein	70851
casetecarichaain	16350
casetecarihani	10900
casetecarihanine	10900
caseteco	501411
casetecocuru	59951
casetecone	16350
caseteconeein	152603
caseteconihane	10900
casi	10900
casicheine	10900
casihache	10900
casihun	10900
casihure	16350
casihuruhane	10900
casiichene	21800
casiin	103552
casilanaala	147153
casohin	87202
casuri	10900
casuujua	299756
casuujuane	10900
casuujuaniha	10900
cataa	16350
cataainjia	10900
cataainjian	10900
cataan	16350
cataaun	430559
cataaunjeri	10900
catai	21800
catainaane	21800
catainajeein	32700
cataun	16350
catiaaeriinte	16350
catiaain	32700
catiaainne	10900
catiaainte	10900
catiariin	10900
catiha	38150
catinaa	21800
catoaneein	10900
catohanai	87202
catohaneein	218005
catohanei	10900
catohanihane	10900
catoonrae	10900
catu	49051
cau	828419
cauha	392409
cauhacha	16350
cauhane	10900
cauhin	70851
caun	109002
Cauna	32700
caunaa	16350
Caune	10900
caunihu	21800
caunihura	10900
caunna	10900
causine	27250
caute	174404
cautecuru	10900
cautene	16350
cautenu	27250
cautihane	10900
cautijiaelanaala	21800
cha	2240001
chaa	10900
Chaa	49051
chaabana	21800
chaachaain	38150
chaachacuruhane	16350
chaaelai	294306
chaaen	65401
Chaaen	92652
chaaenchu	16350
chaain	43601
chaainti	98102
Chaaque	10900
Chaaquena	21800
chaauruatane	16350
Chaauruna	10900
chabaaso	10900
chabana	1346181
chabi	16350
chaca	10900
chachaain	49051
Chachaainti	10900
chachana	16350
chachu	59951
chacoitucuhi	10900
chacuruhane	10900
chaelai	403309
chaelaine	10900
chaeloon	16350
chaen	1204477
Chaen	1803991
chaenchu	16350
Chaenchu	109002
Chaenna	10900
Chaennachu	16350
Chaente	21800
Chaentechu	158053
chaitoonjoan	21800
chajaain	130803
Chajaain	446910
Chajaaincha	49051
chajaaojoaain	32700
Chajaau	70851
Chajaauche	16350
Chajaauchete	54501
Chajaaujian	10900
Chajaaute	21800
Chajana	21800
chaje	10900
chajeneein	10900
chajeniha	21800
chalue	21800
chaluhacaanune	32700
chaluhane	10900
chaluhanune	10900
chaluhin	27250
chaluure	16350
chaluurera	16350
chaluuruhane	16350
chamuhitiin	16350
chamute	70851
chana	59951
Chana	76301
chanaa	65401
chanaaiche	10900
chanaain	54501
chanaaine	10900
chanaaure	10900
chanaauruha	10900
chanaaurureein	10900
chanae	21800
chananaa	10900
chaneei	10900
Chaneei	16350
chaneein	43601
Chaneeina	32700
Chaneeinna	10900
chanelanaala	10900
chanenu	10900
chanerihei	10900
chanihaaun	10900
chanohineein	10900
Chanu	16350
chanuha	16350
chanuhin	70851
chanuna	92652
Chanuna	675815
chanunaa	21800
Chanute	27250
chanuure	49051
chanuuruhane	10900
chaque	806618
Chaquena	38150
Chaquete	10900
chaquichene	10900
chara	16350
charaaichuru	21800
charaneein	10900
charanejeein	136253
chariji	397859
charijibana	70851
Charijicha	10900
charijieein	43601
Charijieein	506861
Charijieeinteeinti	16350
Charijiein	32700
Charijihuru	10900
Charijina	38150
chasiina	10900
Chasiina	65401
chasiinna	10900
Chasiinna	21800
chasocuru	27250
Chasocuru	32700
chata	10900
Chate	59951
chateeinti	10900
Chateeinti	103552
chatoanai	32700
chatoaneein	32700
chatohanai	174404
Chatohanai	218005
Chatohanaicha	10900
Chatohanaina	32700
chatohanaine	49051
Chatohanaineeinna	10900
chatohaneei	10900
chatohaneein	555912
Chatohaneeina	16350
Chatohaneeinte	10900
chatohaneeururichaain	10900
chatohanei	92652
Chatohanihana	16350
chatonaain	27250
chauratane	1945694
chauratanene	70851
chauratanete	21800
chauruatane	10900
chela	38150
chenenajaun	43601
chere	16350
cheteein	10900
chetichaaunne	10900
Chifere	38150
Chifereu	16350
choaae	223455
choaaene	10900
choae	572263
choba	10900
chohitoha	16350
chonca	10900
choonca	228905
chooncaain	27250
choosi	54501
choosichuru	10900
choroha	27250
chorohin	16350
chosi	130803
chosichuru	54501
chosineein	16350
chu	130803
chuhinti	43601
chuhisi	174404
chuhisicha	21800
chujian	98102
chujianra	38150
chujianrana	16350
chujuhacoore	10900
chujuhecoha	27250
chujuheque	16350
chujuhequi	10900
chujuhequiin	16350
chujuraa	10900
chujutaain	21800
chujutora	16350
Chuna	32700
chunaain	16350
chunaaure	21800
chunaelanaala	27250
chunei	381508
chunein	16350
chuneine	130803
chuni	910171
chunicoha	27250
chunijihu	16350
chunijihun	54501
chunijiu	21800
chunijiun	87202
chunine	141703
Chunite	10900
chunocoha	299756
Chunocoha	354258
chunocohacurune	10900
chunucoha	38150
churutaain	16350
coa	261606
Coa	534112
coaa	27250
Coaa	81751
coaacuhin	10900
coaaerai	49051
coaaeraine	27250
coaaerati	10900
coaalanaala	92652
coaalanaalata	38150
coaana	190754
coaanicha	27250
coaanihuche	10900
coaanojoi	16350
coaanojoineein	16350
coaanojoinelanaala	10900
coaanojoinequichene	10900
coaara	98102
coaaraa	21800
coaaraauru	87202
coaaraelanaala	16350
coaaraneein	190754
coaaranu	38150
coaarareein	21800
coaarate	130803
coaarateeiche	10900
coaarateeichene	10900
coaarateein	245255
coaarateeine	10900
coaarateeuche	10900
coaarateeunlu	16350
coaarateeuruhane	16350
coaaratei	16350
coaaratelanaala	16350
coaaratenaa	21800
coaaratenojoin	10900
coaaratera	10900
coaaratereein	16350
coaaratete	10900
coaaratiha	163503
coaaratihacaanu	16350
coaaratihane	43601
coaaratihanulune	21800
coaaratihanune	10900
coaareein	43601
coaari	21800
coaariheeicheein	16350
coaarihei	10900
coaariin	136253
coaariquicheein	27250
coaariquicheeincha	10900
coaariquiincha	10900
coaauca	98102
coaaucaache	16350
coaaucaachene	21800
coaaucaachenete	21800
coaaucaaune	70851
coaaucaaunlune	10900
coaaucaaunne	70851
coaaucache	16350
coaaucalune	10900
coaaucane	103552
coaaucuche	70851
coaaucure	125352
coaaucuruha	38150
coaaucuruhane	103552
coaauna	16350
coaaunaa	10900
coaaunaain	54501
coaaunaane	49051
coaaunae	10900
coaaunaelu	16350
coaaunai	27250
coaaunanojoi	16350
coaaunanojoineein	43601
coaauneein	572263
coaauneeinne	10900
coaauneeinte	65401
coaauqui	10900
coaauquiche	59951
coaauquichene	98102
coaauquine	16350
coaaureeunni	10900
coaausihalu	10900
coaausihalune	27250
coacue	87202
coacuelanaala	719416
coacuelanaalane	38150
coacuelanaalate	21800
coacuhelanaala	38150
coacuhi	59951
coacuhin	1188127
coacuhinte	10900
coacui	76301
coacuine	10900
coacuite	16350
coacuun	21800
coaetaain	16350
coaiteen	648564
coaiteenne	10900
coaitenihane	10900
coalanaala	21800
coalanaalata	10900
coana	10900
coanete	38150
Coanete	70851
coaraa	921071
coaraai	65401
coaraaicha	21800
coaraain	2169150
coaraaina	10900
coaraaincha	10900
coaraaine	65401
coaraainete	16350
coaraainte	103552
coaraana	27250
Coaraanachuhinti	10900
coaraane	327007
coaraanete	16350
coaraau	65401
coaraaun	141703
Coaraauna	16350
Coaraaunachuhinti	21800
Coaraaunachuinti	10900
coaraaura	10900
coaraauru	21800
coaraaurune	10900
coaracaa	16350
coaracaache	27250
coaracaachene	65401
coaracaachera	10900
coaracaane	10900
coaracaanu	27250
coaracaanune	70851
coaracaanura	27250
coaracaara	21800
coaracaaun	10900
coaracaaune	16350
coaracaaunne	228905
coaracache	10900
coaracaunna	27250
coaracaunne	10900
coaracuche	54501
Coaracuche	185304
Coaracuchena	16350
Coaracuchenachuhinti	65401
coaracuchera	21800
coaracure	81751
coaracurenihana	10900
coaracuri	27250
coaracurite	10900
coaracuruha	179854
coaracuruhana	16350
coaracuruhane	386958
coaracuruhanete	10900
coaracuruhi	16350
coaracurumii	10900
coaracurumiin	54501
coaracurumiincha	10900
coaracurureein	76301
coaracururichaain	10900
coarae	179854
coaraelanaala	141703
coaraelu	10900
coaraene	16350
coaraeneeiche	10900
coaraeneeun	10900
coaraeniha	21800
coaraera	10900
coarahaacache	16350
coarahaaun	27250
coarai	158053
coarain	16350
coaraine	10900
coaraite	32700
coaraje	98102
coarajeeichene	27250
coarajeein	305207
Coarajeeuchenejian	10900
coarajeeure	103552
coarajeeurera	114452
coarajeeuruha	32700
coarajeeuruhane	32700
coarajei	43601
coarajera	10900
coarajere	10900
coarajerejetelu	16350
coarajiha	43601
coarajihana	16350
coarajihane	38150
coarajihanune	16350
coarana	87202
coaranaaca	16350
coaranaacane	10900
coaranai	10900
coaranajaain	10900
coaraquiche	65401
coaraquichelu	43601
coaraquichene	136253
coaraquichenete	16350
coaraquichera	10900
coarateein	10900
coaratiha	10900
coarihei	16350
coasichure	27250
coasichuruhane	16350
coasiha	136253
coasiin	16350
coasiinne	10900
coasilanaala	10900
coasina	27250
coasinacaain	16350
coasinacaaun	10900
coasinacai	16350
coasitaain	10900
coasitaanune	10900
coata	185304
coataa	1155426
coataane	32700
coataara	70851
coataate	32700
coataneein	10900
coatejeneeine	10900
coatia	59951
Coatia	158053
coatiha	1128176
Coatiha	1607787
Coatihachu	49051
Coatihana	16350
coaucaaunne	32700
coaucuhin	16350
coaucuruhane	16350
coaunaa	10900
coaunaain	21800
coaunaane	27250
coaunaelu	21800
coaunanohineein	16350
coaunanojoineein	10900
coauneein	267056
coauneeina	16350
coauneeine	10900
coauneeinne	10900
coauneeinte	27250
coaunera	65401
Coaunera	18312423
coauneraacha	10900
Coauneraacha	959222
Coauneraachate	92652
Coauneracha	32700
Coaunerana	316107
Coaunerane	2877666
coauneraneein	49051
Coauneraneein	163503
Coauneraneeun	16350
Coauneranete	43601
Coaunerara	212554
Coaunerata	21800
Coaunerate	485061
coauquichene	21800
cobaraain	70851
cobaraaurera	16350
cobena	21800
cobenau	21800
cobene	10900
coberenadoro	245255
coberenadorocuru	10900
coberenadorone	10900
coberenadoroneein	21800
cochabi	16350
coco	16350
cocoaaeraa	16350
cocoaain	10900
cocoaane	10900
cocoae	10900
cocoaelanaala	10900
cocoaeraa	38150
cocoaeraane	10900
cocoaeratiha	10900
cocoaicha	321557
cocoaichacuru	397859
cocoaichacurune	59951
cocoaichane	32700
cocoaichaneeichene	10900
cocoaichaneein	32700
cocoaichanera	10900
cocoaina	10900
cocoainaa	27250
cocoainaain	239805
cocoainaaine	10900
cocoainaainte	10900
cocoainaane	21800
cocoainaauri	54501
cocoainaauruhane	16350
cocoainae	81751
cocoainaelu	21800
cocoainaera	10900
cocoainai	16350
cocoainanacaaihuri	59951
cocoainanacai	92652
cocoainanacaihuri	98102
cocoainanacaihuru	92652
cocoainanacaine	32700
cocoainanacaineein	92652
cocoainanajaain	10900
cocoainanohi	43601
cocoainanohichuru	16350
cocoainanohin	10900
cocoainanohineein	103552
cocoainanojoineein	10900
cocoainareeunni	10900
cocoajione	16350
cocohin	32700
cocoinaain	10900
cocoinanacaihuri	16350
cocoireeine	10900
cocoirena	10900
cocoiricha	27250
cocoirichaaunne	10900
cocoirichaauruhane	10900
cocoirichai	10900
cocoirihane	10900
cocooruhane	10900
codoonetiin	21800
codoriaain	10900
coe	10900
coejeein	32700
coejelanaala	32700
coejenacai	21800
coelanaala	10900
coenacure	16350
coerate	10900
coereneti	16350
coero	27250
coerote	16350
coetacai	10900
cofauhanau	27250
cofauhanaun	10900
coha	16350
cohaca	49051
cohacaanune	10900
cohacachene	10900
cohacuche	38150
cohacune	16350
cohacure	21800
cohacuruha	16350
cohaje	16350
cohajeeichene	10900
cohajeein	130803
cohajeeun	10900
cohajeeure	10900
cohajeeuruhane	10900
cohajei	288856
cohajeine	10900
cohajeite	10900
cohajeraauru	10900
cohajerichaacheein	10900
cohajihacaanu	16350
cohajihacache	27250
cohajihacachene	27250
cohajihane	10900
cohana	10900
cohane	27250
coheni	10900
cohi	10900
cohichene	21800
cohin	152603
coi	16350
coichaain	10900
coichaera	27250
coichana	403309
coichanaain	10900
coichara	10900
coiinteein	59951
coiintelanaala	21800
coina	9003607
coinaacha	43601
coinaachate	16350
coinaderaa	16350
coinaderaain	32700
coinaderaaure	10900
coinana	109002
coinane	277956
coinaneta	10900
coinanete	16350
coinara	386958
coinata	32700
coinate	479611
coineteein	43601
coinetihu	10900
coisiin	10900
coitucuchuhi	277956
coitucuchuhichuru	109002
coitucuchuhichurune	54501
coitucuchuhicuru	10900
coitucuchuhicurune	10900
coitucuchuhine	16350
coitucuchuhinete	10900
coitucue	190754
coitucuelanaala	419659
coitucuelu	10900
coitucuene	38150
coitucueneeiche	16350
coitucueneeichene	59951
coitucueneeichete	10900
coitucueneeine	16350
coitucueneeun	10900
coitucueniha	16350
coitucuenihacaanu	10900
coitucuenihacaanune	10900
coitucuenihane	43601
coitucuenihanune	21800
coitucuera	185304
coitucueraai	32700
coitucueracuru	21800
coitucuerae	10900
coitucueraelanaala	109002
coitucueralanaala	27250
coitucueraneein	147153
coitucueraniha	16350
coitucuerate	179854
coitucuerateein	92652
coitucuerateeunlu	10900
coitucueratei	16350
coitucuerateite	16350
coitucueratelanaala	27250
coitucueratelu	21800
coitucueratenaa	32700
coitucueratera	21800
coitucuerateraneein	27250
coitucueratereein	16350
coitucuerateriquicheein	10900
coitucueratiha	103552
coitucueratihacaanune	16350
coitucueratihane	21800
coitucueratihanu	21800
coitucueratihanune	21800
coitucuha	288856
coitucuhaacaanu	21800
coitucuhaacaanuta	10900
coitucuhaaun	59951
coitucuhaca	10900
coitucuhacaanu	81751
coitucuhacaanuna	10900
coitucuhacaanune	49051
coitucuhacaanura	16350
coitucuhacache	207104
coitucuhacachene	59951
coitucuhajeein	10900
coitucuhana	54501
coitucuhane	147153
coitucuhanu	87202
coitucuhanune	130803
Coitucuhaun	10900
coitucuhaunlu	16350
coitucuheei	16350
coitucuheeiche	32700
coitucuhelanaala	16350
coitucuhera	16350
coitucuhi	288856
coitucuhicha	27250
coitucuhiche	376058
coitucuhichene	588613
coitucuhichenena	16350
coitucuhicheneta	10900
coitucuhichera	21800
coitucuhichuru	125352
coitucuhichurune	43601
coitucuhichurute	10900
coitucuhin	1983845
coitucuhina	10900
coitucuhine	70851
coitucuhinte	38150
coitucui	119902
coitucuichene	21800
coitucunaa	419659
coitucunojoi	27250
coitucunojoineein	27250
coitucunojoinereein	32700
coitucunojoiniha	21800
coitucureein	54501
coitucurichaacheein	10900
coitucuriquiche	10900
coitucuriquicheein	43601
coitucusichurene	16350
coitucutiin	10900
coitucutoha	70851
coitucuuche	10900
coitucuujue	27250
coitucuujueeun	10900
coitucuun	136253
coitucuunra	21800
coitucuure	119902
coitucuurene	54501
coitucuurenelu	16350
coitucuurenereein	10900
coitucuurenihana	10900
coitucuurenihane	87202
coitucuurera	256155
coitucuureraauru	49051
coitucuurerane	43601
coitucuurerate	10900
coitucuuriin	109002
coitucuuruha	136253
coitucuuruhana	43601
coitucuuruhane	256155
coitucuuruhi	152603
coitucuuruhine	54501
coitucuuruhite	10900
coitucuurumiin	32700
coitucuurureein	43601
cojioriin	38150
cojiotaa	16350
cojiotaain	32700
cojoaain	27250
cojoaajihuru	10900
cojoaajineein	16350
cojoae	21800
cojoaelanaacojoai	49051
cojoaelatiin	49051
cojoaelatohache	10900
cojoaelatoore	21800
cojoaeloroe	10900
cojoaelorohe	16350
cojoaelorohecuru	10900
cojoaeloroheri	27250
cojoaeloroherine	16350
cojoaisi	38150
cojoaisine	10900
cojoano	21800
cojoanonaa	1536935
cojoanonaane	119902
cojoanonaara	10900
Cojoanonaara	10900
cojoanonaate	10900
Cojoanonaate	49051
cojoanoo	125352
cojoanoon	32700
cojoanoonetojoeein	76301
cojoanoonna	10900
cojoanoote	32700
cojoanotiin	87202
cojoataa	10900
cojoataana	10900
cojoelanaacojoaain	43601
cojoelanaacojoai	239805
cojoelatiin	185304
cojoelatoon	10900
cojoelatoore	54501
cojoeluhin	10900
cojoerihu	10900
cojoinaca	54501
cojounacateein	16350
cojounacatenohineein	16350
cojuha	27250
cojuhin	32700
cojunaca	109002
cojunacane	21800
cojunacaneein	65401
cojunacaniha	27250
cojunacanu	10900
cojunacateein	16350
cojunacatenaaca	10900
cojunacatenohineein	32700
cojunacatiha	59951
cojunacatihane	32700
cojunojoineein	21800
Cojuriu	10900
colaihaje	16350
colalajiin	21800
colane	545012
colanene	10900
colanete	10900
coliha	27250
colihane	21800
coloheri	152603
coloherihuru	10900
coloherineein	16350
colucohin	10900
colunohineein	32700
colurujeeuruha	10900
colurujeeuruhane	16350
colurujiha	16350
colurujueein	59951
colurujueeure	10900
colurujueeuruha	16350
colurujueeuruhana	21800
colurujueeuruhane	27250
colurujuenaa	16350
colurujuenojoineein	10900
colurujuera	21800
colurujueranu	16350
comaain	10900
comaandaanti	114452
comaandaantine	27250
comai	81751
comarohin	16350
comasai	299756
comasaihocane	16350
comasaihuru	16350
comasaine	32700
comasaineein	54501
comasainu	27250
comoe	10900
comohin	16350
comoite	10900
Comora	10900
cona	16350
conaa	38150
conaaca	16350
conaacane	16350
conaacotaa	16350
conaanojoineein	16350
conaara	21800
conaca	16350
conacai	38150
conae	10900
conaeraain	10900
conaeraneein	10900
conaeranu	16350
conajaain	65401
conajaelanaala	10900
conautecure	16350
conautecuruhane	32700
conauteein	10900
conautiha	16350
conemuri	70851
conera	27250
coneracuru	10900
cono	321557
conoe	54501
conoene	16350
conoenereein	10900
conoha	109002
conohanau	43601
conohe	16350
conohin	10900
conohine	10900
conone	49051
cononeein	43601
conotiin	27250
conujiha	10900
conujueein	10900
coocana	21800
cooche	10900
cooruhane	27250
coosi	16350
coosichuru	76301
coosichurune	27250
corajeein	130803
corajerateein	16350
corane	10900
Corasiin	10900
core	288856
coreein	239805
coreenraniha	76301
coreeraniha	10900
coreeurera	10900
coreeuruha	10900
corelanaala	49051
corenaa	43601
coreneein	21800
Corenerio	38150
Corenerione	16350
coreniha	2883116
corenihacha	54501
corenihana	43601
corenihane	136253
corenihara	21800
corenihate	299756
corera	10900
corereein	10900
corete	38150
coretecuche	10900
coretecure	16350
coretecuruhane	16350
coreteei	16350
coreteein	81751
coreteeine	10900
coretena	38150
coretequichene	16350
coretera	21800
coretereein	10900
coretereeunni	16350
coreterihani	10900
coreti	65401
coretichaachene	10900
coretichaane	10900
coretichaaunne	16350
coretiha	59951
coretihane	59951
coretiin	81751
coriaae	109002
coriae	32700
coriajai	32700
coriaji	21800
corianeraaunu	10900
corianiha	49051
coriha	54501
corihaaunni	10900
corihacuru	32700
corihaneein	10900
corihaneraain	10900
corihaneraanu	10900
corihaneraauru	16350
corihaneraneein	10900
corihaniha	65401
corihateein	16350
corii	16350
Coriinto	21800
Coriintoo	49051
coriqui	991922
coriquihocane	21800
coriquihona	87202
coriquihonacaauru	27250
coriquihonane	54501
coriquihonaneein	38150
coriquiicha	38150
coriquine	21800
coritaa	98102
coritaai	21800
coritaain	119902
coritaane	10900
coritaauruha	16350
coritaauruhane	43601
coritae	16350
coritaera	27250
coritaeraneein	10900
coritaeraniha	10900
coritana	70851
cornalino	10900
coroaaeca	32700
coroaaecaache	10900
coroaaecaaune	10900
coroaaecu	10900
coroaaecuche	32700
coroaaecure	59951
coroaaecuruhane	16350
coroaaecuruhine	16350
coroaaejihanu	10900
coroaaena	21800
coroaate	10900
coroaateein	27250
coroaateeuche	16350
coroaateeure	10900
coroaeca	54501
coroaecaachenete	38150
coroaecaanu	16350
coroaecane	16350
coroaecuche	59951
coroaecure	59951
coroaecuruha	38150
coroaecuruhane	70851
coroaecuruhine	43601
coroaecurureein	54501
coroaejeein	43601
coroaejeeun	10900
coroaemiin	16350
coroaena	27250
coroaenohineein	16350
coroaenojoineein	21800
coroaequichene	21800
coroaeraauru	49051
coroaeraneein	10900
coroaje	38150
coroajeein	419659
coroajeeun	49051
coroajeite	10900
coroajelanaala	32700
coroajelu	10900
coroata	539562
coroatachoonca	16350
coroataja	103552
coroatajaaecure	10900
coroatajaaihuri	16350
coroatajaain	179854
coroatajaanana	10900
coroatajaananaain	10900
coroatajaaure	10900
coroatajai	550462
coroatajaihuri	21800
coroatajaihurite	10900
coroatajaje	10900
coroatajajeein	65401
coroatajajeeincha	21800
coroatajajei	16350
coroatajane	147153
coroatajanecuche	32700
coroatajanecuchete	16350
coroatajanecure	16350
coroatajanecuruha	10900
coroatajanecuruhane	16350
coroatajanecuruhine	10900
coroatajaneein	256155
coroatajaneeine	103552
coroatajaneeu	21800
coroatajaneeuchera	10900
coroatajaneeun	10900
coroatajaneeute	10900
coroatajanejeein	10900
coroatajanelanaala	10900
coroatajanelu	27250
coroatajanemiin	98102
coroatajanena	136253
coroatajanenaaca	10900
coroatajanequichene	38150
coroatajanera	70851
coroatajaneraanu	27250
coroatajaneraaunu	27250
coroatajaneraauru	43601
coroatajaneraneein	130803
coroatajanereein	59951
coroatajanerichaain	49051
coroatajanerihani	10900
coroatajanichaaunne	27250
coroatajaniha	261606
coroatajanihane	76301
coroatajate	10900
coroso	539562
Cosamii	10900
coseenra	27250
coseenraneein	21800
cosi	59951
cosibi	130803
cosichuru	16350
cosinacaa	16350
cosinacaain	32700
cositeein	10900
cositenojoineein	32700
cosonaina	21800
cotaaichene	10900
cotaain	92652
cotaairiin	87202
cotaicha	119902
cotaiha	43601
cotainaa	16350
cotainacai	21800
cotebetenaa	10900
cotihaca	114452
cotihacane	27250
cotihacate	10900
cotihacuchete	16350
cotihacure	32700
cotihacuri	21800
cotihacuruhane	16350
cotihanajaain	21800
cotihanajaane	10900
cotihanohichuru	38150
cotihanohinchuru	10900
cotihanohineein	10900
cotihara	38150
cotiharane	16350
cotiharate	43601
cotiharateein	10900
cotiharateeurine	10900
cotiharatiha	16350
cotijiaa	10900
cotijiaain	436010
cotijiaaun	16350
cotijiae	70851
cotijiai	10900
cotijiain	16350
coturi	70851
coturiji	16350
coturineein	10900
coujounacanu	10900
coujueluhin	10900
coujuha	27250
coujuhin	103552
coujunaca	70851
coujunacane	21800
coujunacaneein	27250
coujunacaniha	10900
coujunacanu	16350
coujunacate	10900
coujunacateein	49051
coujunacatenajaain	10900
coujunacatenohineein	27250
coujunacatera	16350
coujunacatiha	21800
coujunacatihalu	10900
coujunajaain	10900
coujunojoineein	54501
coujunojoinequichene	10900
coujurihu	103552
coujuriu	130803
coulucoelu	10900
coulucohi	10900
coulucohin	38150
coulunohineein	38150
couluoona	27250
couluooraneein	10900
coulurujeein	16350
coulurujeeure	21800
coulurujeeuruha	10900
coulurujeeuruhane	21800
coulurujiane	10900
coulurujiha	32700
coulurujue	10900
coulurujueein	54501
coulurujueeure	38150
coulurujueeurera	16350
coulurujueeuruha	10900
coulurujueeuruhane	38150
coulurujuenaa	32700
coulurujuenojoi	16350
coulurujuenojoin	10900
coulurujuera	27250
coulurujueracuru	10900
coulurujueranu	27250
coulurujuerichaain	10900
couluunojoineein	32700
counera	16350
couneraane	16350
couturi	305207
couturichuru	10900
couturiin	21800
couturiji	92652
couu	119902
cuaaichene	16350
cuaain	1455183
cuaaine	27250
cuaainne	16350
cuaainte	119902
cuaajeein	27250
cuaelanaala	32700
cuajeein	10900
cuaritaain	32700
cucuana	376058
cucuhana	10900
cue	1062774
cuelanaala	16350
cuelu	92652
cuera	10900
cuha	321557
cuhacaanu	218005
cuhacaanune	76301
cuhacache	10900
cuhache	27250
cuhacoaain	21800
cuhalune	10900
cuhanai	59951
cuhanaine	21800
cuhane	4812461
cuhaneeicha	16350
cuhaneeuru	27250
cuhanena	70851
cuhanene	163503
cuhanera	21800
cuhanete	168953
cuhanu	10900
cuhanune	114452
cuhanunete	21800
cuhe	16350
cuhecujeein	16350
cuhecujueein	59951
cuhichelu	32700
cuhichene	38150
cuhichenera	10900
cuhin	1493334
cuhina	38150
cuhincha	10900
cuhine	54501
cuhinera	10900
cuhinna	16350
cuhinte	16350
cujuana	163503
cujuanane	87202
culeecaaunne	10900
culeecane	10900
culeena	16350
culeenihura	10900
culeje	27250
culejeein	87202
culejelanaala	10900
culucohin	10900
cuna	43601
cunaa	272506
cunaain	49051
cunaane	10900
cunacaauru	261606
cunae	10900
cunai	201654
cunaine	10900
cunaitaa	10900
cunaitaain	32700
cunaitaane	16350
cunaitaauruhane	21800
cunaitanohin	10900
cunaite	10900
cunaiteein	92652
cunaiteeun	10900
cunaitenaa	168953
cunaitenaane	21800
cunaitenacaauru	239805
cunaitenacaauruhachate	16350
cunaitenacaaurune	70851
cunaitichaaunne	21800
cunaitiha	27250
cunaja	21800
cunajaun	27250
cunichaache	21800
cunichuche	43601
cunihun	16350
cunihunte	10900
cunihura	10900
cunihute	10900
curaanaa	65401
curaanaacuru	10900
curaanaane	10900
curabo	10900
curajaain	10900
curataain	10900
cure	38150
cureein	882920
Cureeina	10900
cureeincha	49051
cureeinche	10900
Cureeofasi	10900
cureeun	27250
cureeunicha	21800
cureeunni	158053
cureeunnicha	49051
Curesia	10900
Cureta	43601
curichaacheein	21800
curichaachein	16350
curichaain	32700
curichaaine	21800
curichaainne	10900
curichaanuhin	10900
curichaaunni	10900
curichaaunnine	10900
Curieco	38150
Curiecocuru	43601
Curiecocuruhacha	10900
Curieconeein	21800
curiquiche	10900
curiquicheein	190754
curiquicheeina	16350
curiquicheeincha	21800
curiquiin	43601
curiquiincha	16350
Curisifo	10900
Curisito	332457
Curisitone	152603
Curisitoneein	21800
Curisitote	38150
curu	158053
curuaa	267056
curuaacanete	10900
curuaacuru	43601
curuaacurune	10900
curuaaecaain	32700
curuaaequiin	32700
curuaana	38150
curuaanaa	1569636
Curuaanaa	2305403
curuaanaacha	21800
Curuaanaacha	38150
curuaanaacuru	817518
curuaanaacurune	32700
curuaanaacurute	10900
curuaanaana	10900
Curuaanaana	10900
curuaanaane	98102
Curuaanaane	109002
curuaanaaneein	223455
Curuaanaanena	10900
curuaanaanu	16350
Curuaanaara	38150
curuaanaate	16350
Curuaanaate	43601
curuaara	10900
curuaate	38150
curuaateeure	32700
curuaateeuri	92652
curuaateeuruhane	10900
curuaatei	136253
curuaateihu	32700
curuaatenajaain	10900
curuacaain	16350
curuaecaain	10900
curuaequiin	27250
curuajaain	119902
curuajai	207104
curuajaihu	10900
curuajaihuri	10900
curuajaihuru	10900
curuajaine	10900
curuanaa	43601
Curuanaa	65401
Curuanaacha	10900
curuanaacuru	27250
Curuanaaneein	10900
curuataain	76301
curuateeuri	10900
curuatoroaain	27250
curuhacaain	65401
curuhacure	16350
curuhacuri	10900
curuhin	16350
curujuaain	32700
curuteein	10900
cusi	16350
cusihane	10900
cutaain	207104
cutiin	32700
cutujuaain	10900
cuu	1820342
cuuaain	10900
cuuhin	10900
cuujeein	16350
cuujeeure	21800
cuujeeuruhane	21800
cuujiha	65401
cuujihacaanu	27250
cuujihacaanune	27250
cuujihane	49051
cuujihataain	16350
cuujue	70851
cuujueein	76301
cuujueeruha	10900
cuujueeure	16350
cuujueeuruhane	16350
cuun	10900
Cuuna	43601
cuune	16350
cuunlu	21800
cuure	692165
cuureeincha	10900
cuuru	59951
cuuruha	190754
cuuruhane	185304
cuuruhine	10900
cuuruhinera	16350
cuuruna	10900
cuurunaja	10900
cuurureein	877470
cuurureeincha	59951
cuururein	16350
cuururichaaine	10900
Cuute	38150
cuutihane	21800
dadaa	21800
dadaain	54501
dadaane	21800
dadaauruhane	10900
dadae	32700
dadanaa	27250
Damasoco	76301
Damasocoo	21800
darohe	21800
Decapolis	16350
dede	861119
dedeeu	703066
dedeeune	49051
dedene	38150
dedeu	16350
Demasi	16350
Demetirio	27250
denario	21800
Derebeeu	27250
desieretoo	27250
dragon	38150
dragonne	10900
dragonte	16350
Ebereeo	76301
Eberi	10900
ecaanto	152603
ecaantone	21800
ecaantooru	43601
ecocoe	32700
ecocoera	10900
ecocohin	141703
ecocohinte	10900
ecooca	59951
ecoocane	21800
ecoona	43601
ecotiha	10900
ecu	2332653
ecuha	16350
ecuhacha	10900
ecui	10900
Ecune	16350
Ecute	70851
ecuun	70851
ecuuneein	10900
ecuunetiin	10900
ecuunno	10900
edaa	38150
eeheehejeein	10900
Eejeen	10900
eenferadoro	43601
eenferadorone	27250
Eenjeen	16350
Efaforasite	10900
Efaforoto	10900
Efaraaiun	10900
Efeso	38150
Efesohacha	10900
Efesoo	81751
efojiaraauru	10900
Egipto	179854
Egiptoo	81751
eheehejeein	16350
eheehequiin	21800
eheeona	16350
ehehequiin	10900
eheque	10900
ehequiin	141703
ehequiine	10900
Ejeen	38150
ela	10900
ele	10900
Eleasar	10900
elechoonca	10900
eleeocha	10900
elele	21800
eletoaeta	16350
eletoaun	10900
Eli	21800
Eliaquiin	16350
Eliasi	16350
Elima	10900
Elioon	10900
Eliseri	10900
elo	70851
elohanti	10900
elohena	21800
elonaain	10900
elonai	16350
elonaineein	10900
elone	38150
Emanoel	10900
Emaoso	16350
ena	1215378
enaacha	152603
Enaachate	16350
enaaicha	27250
enachasine	152603
enacoaauneein	54501
enacoauneein	168953
enamanaa	158053
enamanaacuru	32700
enamanaane	16350
enamanaca	10900
enamanacaauru	10900
enane	16350
Enane	27250
enanecoojoa	10900
enanejeein	21800
enanetojoeein	179854
enanocoojoa	16350
enate	16350
Enate	49051
ene	1204477
Eneasi	10900
enecuru	376058
enecurune	43601
enecurute	16350
eneecha	16350
enene	626764
eneneein	16350
enenete	10900
Enenete	21800
enete	43601
enferadoro	98102
enoaain	32700
enoaauruhane	27250
enoae	16350
enoaene	10900
enoaerate	16350
enoain	10900
enoanaa	21800
enoanaain	10900
Enoco	21800
enoe	16350
enoelanaala	16350
enoha	158053
enohacaanu	10900
enohane	65401
enohelu	10900
enohichene	10900
enohin	327007
enohine	10900
enoite	10900
enonaa	65401
enonaanaja	16350
enooche	10900
enooruha	27250
enooruhane	70851
enoote	10900
Enoso	10900
enoto	392409
enotone	70851
enuha	337907
enuhacuru	10900
Eofarate	10900
Erasto	16350
ere	2801364
erecaihara	10900
ereecha	21800
ereei	16350
ereeiche	81751
ereeichene	163503
ereein	643114
ereeine	59951
ereerecane	10900
ereereeca	59951
ereereecaanu	16350
ereereecaaunne	16350
ereereecane	21800
ereereecure	43601
ereereecuruha	32700
ereereecuruhane	49051
ereereena	16350
ereereequiche	38150
ereereequichene	16350
ereereje	87202
ereerejeein	228905
ereerejeeun	16350
ereerejeeure	16350
ereerejeeuruhane	10900
ereerejeun	10900
ereerejiha	49051
ereerejihacaanu	10900
ereerejihane	16350
ereeuche	10900
ereeuchete	10900
ereeun	27250
ereeure	125352
ereeuru	21800
ereeuruha	109002
ereeuruhane	141703
erei	59951
ereite	32700
erelanaala	43601
erelu	16350
Eremadaan	10900
Eremesi	10900
Erena	10900
erenaa	1607787
erenaachara	32700
erenaacharaauru	10900
erenaane	125352
erenaate	65401
erenacaaotelanaala	16350
erenacaauru	92652
erenacaaurute	10900
erene	103552
ereniha	21800
erere	10900
erereei	10900
erereein	21800
erereeunni	21800
erereeunta	10900
ereretaain	70851
ereretaane	21800
ereretaaure	16350
ereretaauruhane	16350
ereretai	27250
ereriquiche	10900
eresi	43601
eresilanaala	27250
erete	76301
Eri	10900
Erodesi	310657
Erodesine	114452
Erodiasi	43601
erojoeein	43601
erora	223455
erorane	65401
eroraneein	21800
eroraqui	10900
erue	10900
eruha	59951
eruhacaanu	16350
eruhacaanura	10900
eruhane	38150
eruhanete	10900
eruhi	16350
eruhichene	16350
eruhin	119902
eruhine	10900
erunaa	10900
erunajaa	10900
erunajaain	16350
eruriquicheein	21800
erusichurene	10900
eruurene	16350
eruurenihane	16350
eruuruhane	21800
Esao	16350
esclavo	16350
esefara	10900
esenetaa	76301
esenetaacaanu	38150
esenetaacaanune	27250
esenetaacache	21800
esenetaacachene	141703
esenetaacachenete	10900
esenetaacoaaure	32700
esenetaai	10900
esenetaaiche	16350
esenetaaichelu	16350
esenetaaichelune	27250
esenetaaichena	10900
esenetaaichene	337907
esenetaaichenete	43601
esenetaaichuru	43601
esenetaain	1433383
esenetaaina	10900
esenetaaine	54501
esenetaainete	16350
esenetaaite	10900
esenetaalu	21800
esenetaane	218005
esenetaaneecha	16350
esenetaanune	49051
esenetaaun	27250
esenetaaure	119902
esenetaaurelu	10900
esenetaaurene	38150
esenetaaureniha	27250
esenetaaurenihana	21800
esenetaaurenihane	49051
esenetaaurera	27250
esenetaaurerane	10900
esenetaaurerate	10900
esenetaauruha	70851
esenetaauruhalune	21800
esenetaauruhana	16350
esenetaauruhane	250705
esenetaauruhi	49051
esenetaauruhine	21800
esenetaaurureein	10900
esenetacaanu	10900
esenetacurenihane	10900
esenetae	21800
esenetaelanaala	103552
esenetaene	10900
esenetaeneeiche	27250
esenetaeneeichelu	10900
esenetaeneeichene	43601
esenetaeneeichete	16350
esenetaenihacaanune	10900
esenetaenihana	10900
esenetaenihane	16350
esenetaera	196204
esenetaeraauru	392409
esenetaeraaurune	38150
esenetaeraaurute	21800
esenetaeraneein	207104
esenetaeranichaachene	10900
esenetaerate	32700
esenetaerauru	10900
esenetaete	10900
esenetai	305207
esenetaichene	10900
esenetailunihei	10900
esenetaine	10900
esenetaite	16350
esenetajeein	10900
esenetana	212554
esentaain	10900
Esequiha	10900
Eseteba	87202
Esetebane	16350
Esetefana	16350
Esili	10900
esinaae	267056
esinaaeca	21800
esinaaen	27250
esinaaena	10900
Esinaaena	10900
Esinaaete	10900
esinae	2398055
esinaeca	10900
esinaen	119902
Esinaena	125352
Esinaente	10900
Esinaete	130803
Esinaetechuhisi	10900
esine	348808
esineeuru	16350
esineneei	16350
esineneein	59951
esmeralda	10900
Esmirnau	10900
Españau	10900
Esroon	21800
Etiopiha	38150
faa	10900
faain	27250
faan	550462
faante	10900
faau	10900
faaure	21800
faauruhane	10900
Faboro	1455183
Faboroacha	10900
Faborohacha	16350
Faborona	49051
Faborone	234355
Faboroneein	32700
Faboroneeun	16350
fafione	27250
faino	10900
faofaohin	16350
faohacure	21800
faohacuruhane	10900
faohitohane	10900
faojoaain	70851
Faraaon	21800
Faresi	21800
fariseeo	103552
fariseeocuru	501411
fariseeocurune	76301
fariseeocurute	10900
fariseeone	10900
fasha	76301
fashaain	10900
fashai	49051
fasocoa	21800
Fasocoa	212554
fatoroon	179854
fatoroone	43601
fatorooneein	10900
fatoroonne	21800
fau	10900
fauha	234355
fauhin	305207
faunaa	43601
fautaain	103552
fautaeriin	21800
fautiin	10900
Fedoro	915621
Fedorona	38150
Fedorone	365158
Fedoroneein	21800
Fedoroorune	10900
Feentecosetesi	21800
Fele	10900
Fenisiau	16350
Ferifi	168953
Ferifine	76301
Ferifite	10900
Ferisi	70851
Ferisine	16350
fero	10900
Feseto	92652
fichafichanaa	54501
fichafichanaane	65401
Filato	359708
Filatone	168953
Filipo	21800
Filipoo	27250
Firijia	10900
Firisila	43601
Fobirio	10900
foerateeurera	43601
foeratei	10900
foeratenojoineein	10900
foeratera	114452
foerateracuru	87202
foerateracurune	16350
foerateraneein	10900
fohecane	10900
fohejeein	21800
fojiae	10900
fojiara	10900
Fojiara	10900
fojiaraauru	163503
fojiaraaurune	27250
fojoeein	10900
folisiaa	10900
folisiaacuru	16350
folisiacuru	10900
folisihacuru	43601
fosa	59951
fosocoro	10900
fuera	87202
fueraneein	10900
fuhane	10900
fuhin	21800
funaa	16350
funojoineein	10900
fuuruhane	10900
Galasia	38150
Gomora	10900
ichaa	637664
ichaaechajeein	43601
ichaai	98102
ichaaicha	32700
ichaain	1564186
ichaaine	152603
ichaainene	16350
ichaainete	10900
ichaainte	16350
ichaaite	10900
ichaajenihane	65401
Ichaajenihanete	10900
ichaalu	10900
ichaana	10900
ichaane	495961
ichaao	38150
ichaaoche	337907
ichaaochete	16350
ichaaojoeein	38150
ichaaon	49051
ichaaore	103552
ichaaorelu	16350
ichaaoruha	87202
ichaaoruhalune	16350
ichaaoruhane	190754
ichaaoruhine	27250
ichaaorureein	21800
ichaau	65401
ichaaun	114452
ichaaunra	10900
ichaaura	16350
ichaaute	10900
ichacaache	27250
ichacaachene	98102
ichacaachenete	16350
ichacaane	43601
ichacaanena	10900
ichacaanete	10900
ichacaaun	27250
ichacaaune	21800
ichacaaunna	16350
ichacaaunne	316107
ichacaaunnena	10900
ichacache	16350
ichacaunne	16350
ichacuche	119902
ichacure	114452
ichacurenihane	21800
ichacuri	16350
ichacuruha	49051
ichacuruhana	10900
ichacuruhane	327007
ichacurumiin	10900
ichacurureein	16350
ichae	370608
ichaechajeein	92652
ichaelanaala	168953
ichaelu	65401
ichaene	10900
ichaeneei	10900
ichaeneeichene	54501
ichaeneeichenete	10900
ichaeneeine	10900
ichaenelu	10900
ichaeniha	16350
ichaenihane	32700
ichaenihanune	38150
ichaera	54501
ichaeraanu	10900
ichaeraauru	32700
ichaeraneein	49051
ichaeraniha	10900
ichahaaun	21800
ichai	817518
ichailu	10900
ichaine	21800
ichaite	10900
ichajeein	430559
ichajione	10900
ichamiin	43601
ichana	1395232
ichanaa	201654
ichanaacha	10900
ichanaai	16350
ichanaain	136253
ichanaalu	16350
ichanaane	43601
ichanaaneein	10900
ichanacaaunne	27250
ichanacaihara	10900
ichanae	49051
ichanaelu	21800
ichanaeniha	27250
ichanana	38150
ichananacaauru	10900
ichananate	16350
ichananeein	10900
ichanareein	27250
ichanareeunni	21800
ichanarihanine	10900
ichanarihei	10900
ichanenenu	16350
ichaneni	218005
ichanenu	174404
ichanenune	10900
ichanohi	212554
ichanohichuru	38150
ichanohin	283406
ichanohineein	250705
ichanohinelanaala	10900
ichanohiniha	32700
ichao	921071
ichaoa	10900
ichaoenihuru	10900
ichaoha	288856
ichaohaca	10900
ichaohacaanune	32700
ichaohacache	38150
ichaohacachelune	16350
ichaohacachene	239805
ichaohacachenete	16350
ichaohacahene	10900
ichaohacane	32700
ichaohacanete	10900
ichaohacha	27250
ichaohalu	16350
ichaohalune	21800
ichaohane	185304
ichaohanera	21800
ichaohanete	10900
ichaohanune	54501
ichaoheeiche	10900
ichaohi	43601
ichaohiche	76301
ichaohichelune	27250
ichaohichene	468710
ichaohichenera	10900
ichaohichenete	16350
ichaohin	703066
ichaohine	87202
ichaohinte	10900
ichaoin	10900
ichaojeraconacaauru	10900
ichaojeracoori	10900
ichaojeraquiin	49051
ichaojoeein	10900
ichaona	21800
ichaonaa	1836692
ichaonaana	16350
ichaonaanaja	49051
ichaonaane	16350
ichaonaate	21800
ichaonacaauru	659465
ichaonacaauruhacha	10900
ichaonacaaurune	10900
ichaonacaaurute	43601
ichaone	125352
ichaoneein	10900
ichaooche	16350
ichaooruha	10900
ichaooruhane	43601
ichaoreein	27250
ichaorejetocoaaunlu	10900
ichaorejetocoichene	10900
ichaorichaache	16350
ichaorichaacheeine	10900
ichaoriquicheein	21800
ichaote	10900
ichaquiche	87202
ichaquichene	414209
ichaquichenete	43601
ichara	288856
icharaain	16350
icharaanu	43601
icharaaunu	10900
icharaauru	179854
icharaaurune	32700
icharaaurute	10900
icharajeriin	10900
icharane	27250
icharaneei	10900
icharaneein	283406
icharaniha	16350
icharanihane	27250
icharate	76301
icharatei	103552
icharatenohi	76301
icharatenohin	27250
icharatenojoi	10900
ichareein	76301
ichareeun	54501
ichareeunni	21800
ichareeunte	10900
icharichaain	16350
icharichaaine	21800
Icharichaaunni	10900
icharihacaanu	16350
icharihacache	10900
icharihani	21800
icharihanine	49051
ichariquicheein	27250
Ichaso	10900
ichatane	310657
ichate	10900
ichateein	125352
ichateeinte	16350
ichatei	21800
ichatelu	16350
ichatena	16350
ichatera	10900
ichateralu	16350
ichaterichaain	10900
ichatiha	70851
ichatihalu	16350
ichatihane	27250
ichauhena	27250
ichauhenaauru	147153
ichauhenaaurute	10900
ichauhenane	10900
ichauhenaneeichene	10900
ichauhenaneein	32700
ichauhenanihajeein	10900
ichei	599513
icheicha	10900
icheina	10900
Icheine	10900
icheineein	21800
ichejijieein	10900
ichoaae	49051
ichoaaichaniha	21800
ichoae	1024623
ichoaechaniha	10900
ichoaelanaala	54501
ichoaelu	49051
ichoaene	10900
ichoaeniha	10900
ichoaenihane	16350
ichoai	49051
ichoaichania	32700
ichoaichaniha	196204
ichoaite	21800
ichoala	27250
ichoelaihanune	16350
ichohacuruhane	10900
ichohaichaniha	10900
ichohanohineein	10900
ichoharaa	10900
ichoii	16350
ichojoaain	38150
icholuruhecure	10900
icholuruherete	10900
ichonai	54501
ichonainete	16350
ichora	43601
ichoraquiin	10900
ichoreniha	21800
ichotarine	10900
ichotena	10900
ichoteraanu	32700
ichoteraneein	119902
ichoteranihane	10900
ichoterate	27250
ichoterateein	70851
ichoterateeu	10900
ichoterateeun	10900
ichoterateeune	10900
ichoteratelu	43601
ichoteratemiin	27250
ichoteratena	54501
ichoteratenohineeicha	10900
ichoteratenohineein	16350
ichoteratenojoi	10900
ichoteratenojoineein	190754
ichoteratenojoiniha	21800
ichoteratera	16350
ichoterateraanu	10900
ichoterateraneein	59951
ichoteratereein	38150
ichoteraterichaain	10900
ichoteraterichaaine	16350
ichoteratichaaunne	16350
ichoteratiha	43601
ichoteratihane	76301
ichouturi	10900
ichuun	16350
ichuunejeein	10900
ichuunejeeonriha	16350
ichuunijiha	10900
iclesia	103552
iclesiacuru	81751
iclesianeein	81751
Iconio	16350
Iconioo	21800
ii	3684285
iicha	512311
iihane	10900
iihanei	16350
iijieein	10900
Iina	49051
iineein	38150
iino	10900
iiquichene	16350
iite	54501
Iite	288856
iitonai	43601
ijiabereeo	65401
ijiabereeonu	10900
ijiaonaa	16350
ijiin	59951
ijilanaala	16350
ijiniichaain	10900
Imeneeo	10900
impoesto	16350
impoestonu	114452
ina	10900
inaa	70851
inaacane	54501
inaacanete	10900
inaai	16350
inaain	38150
inaana	70851
Inaaojoan	10900
Inaaonjoaain	10900
Inaaonjoan	10900
inaaoriin	16350
inaaoritelanaala	10900
inaaraacha	10900
inaate	10900
inaaure	10900
inaaureniha	10900
inaaurera	16350
inaaureraauru	10900
inaca	397859
Inaca	670365
inacaacha	10900
inacaain	32700
inacaauru	27250
inacae	43601
inacaenihane	16350
inacana	10900
inacane	81751
inacaneein	109002
inachu	16350
inachura	10900
inacojoeein	168953
inacojoeeinte	21800
inacuhe	10900
inacuhin	32700
inacujueein	10900
inaderaa	21800
inaderaacaaunne	10900
inaderaaichelune	16350
inaderaain	130803
inaderaaun	10900
inaderaauruha	16350
inaderae	38150
inaderanaa	70851
inae	8829203
inaelanaala	54501
inaen	59951
Inaen	65401
inaeniha	16350
inaenihane	10900
inaenihanune	10900
inaera	54501
inaeraneein	21800
inamaco	10900
inamaconeein	27250
inamacooru	21800
inamoconeein	10900
inana	16350
inanacaa	38150
inanacaain	27250
inanacaane	10900
inanacae	43601
inanacaelanaala	10900
inanacareein	10900
inanate	16350
inara	14862493
inaraacha	1073674
inarane	27250
inarara	10900
inararai	10900
inarate	65401
Inarate	386958
Inasiin	10900
inasiina	10900
Inasiina	76301
Inasiine	10900
Inasiinte	43601
Inasina	16350
inata	49051
Inatajaain	10900
inatiin	70851
inatiinte	27250
inauhene	87202
inauheneecha	87202
inauheneeicha	81751
inaurera	10900
ineein	65401
ineeinte	10900
inejei	10900
inejera	21800
inetojoeeinchuru	10900
inetono	76301
ini	10900
inicheein	10900
iniha	147153
iniho	168953
inihocuru	43601
inihoquiin	10900
inihuruhane	10900
iniichene	10900
iniin	98102
ininaa	16350
inoaelu	245255
inoaenlu	277956
inoaensi	643114
inoaensihuru	185304
inoaensihurune	27250
inoaesi	337907
inoaesihuru	256155
inoaesihuruhacha	10900
inoaesihurune	21800
inoaesihurute	10900
inota	27250
inotane	21800
iquera	32700
irichaje	21800
irichonacaauru	10900
iriha	370608
irihaaun	10900
irihaaunta	16350
irihacaanu	49051
irihacaanune	21800
irihacache	21800
irihacachene	16350
irihacachenete	10900
irihacane	27250
irihache	16350
irihane	228905
irihanete	10900
irihanu	32700
irihanune	130803
Irihasi	70851
Irihasine	43601
Irihasite	21800
irihaun	16350
irihei	27250
irihuru	10900
irine	10900
Isabeli	49051
Isabeline	16350
Isaca	114452
Isacaacha	16350
Isacariote	54501
Isaihasi	147153
Isaihasicha	16350
Isaihasine	38150
Isaraeli	277956
Isaraelita	54501
Isaraelitaauru	141703
Isaraelitaaurune	16350
Isaraelitacuru	141703
Isaraelitacurune	43601
Isaraelitaneeuruhane	10900
Isaraelitanelanaala	43601
Isaraelitanichaachene	21800
iscoon	16350
iscoonchoonca	16350
iscoonni	10900
isharuha	10900
ishohin	21800
ishuujua	70851
ita	3477180
itaacha	16350
itaanejeein	10900
itacaje	10900
itaje	16350
itajeein	98102
itajeeinne	10900
itajeeure	10900
itajeeurureein	10900
itajelu	16350
itajenaa	65401
itajenojoineein	21800
itajenojoiniha	21800
itajera	27250
itajeraneein	38150
itajeranu	70851
itajeranuneein	10900
itajereein	27250
itajiha	49051
itajihacanena	10900
itajihane	43601
Italia	10900
Italiau	16350
itaque	59951
itarai	10900
itaro	10900
itiha	10900
itolere	4589006
itolereecha	10900
itolereeicha	10900
itolereeuru	16350
itolerene	27250
itolereneein	316107
Itolerete	16350
jaa	354258
jaabiji	16350
jaacache	10900
jaacane	10900
jaacha	10900
jaaecohacachene	10900
jaaecohane	10900
jaaecohanune	10900
jaaecohichene	10900
jaaequiin	114452
jaain	59951
jaan	2779564
jaanaca	49051
jaanacaa	10900
jaanacaain	54501
jaanacaauru	16350
jaanacai	38150
jaanacaneein	49051
jaanacanei	21800
jaancha	27250
jaancuru	49051
jaane	49051
jaaneein	16350
jaanne	38150
jaannu	141703
jaanque	10900
jaante	76301
jaanu	861119
jaanuhacha	21800
jaanune	21800
jaanura	16350
jaanuta	21800
jaao	10900
jaaochete	21800
jaaore	43601
jaaorelu	27250
jaaorera	16350
jaaoreraauru	16350
jaaoreraaurute	10900
jaaorilu	16350
jaaoruha	32700
jaaoruhalu	10900
jaaoruhane	152603
jaaque	16350
jaate	10900
jaau	10900
jaaun	359708
jaauna	10900
jaauncha	10900
jaaunna	32700
jaaunne	70851
jaaunra	21800
jaaunru	152603
jaaunrute	21800
jaaunte	65401
jaaure	27250
jaauruhane	16350
jabatoroaain	16350
jabereco	125352
jaberecone	32700
jaberoco	1564186
jaberocohacha	38150
jaberocohin	49051
jaberoconaa	43601
jaberocone	130803
jaberoconeein	119902
jaberocoore	10900
jaberocooru	21800
jaberocote	21800
jacanaa	10900
jacanaachara	21800
jacanaacharanejeein	16350
jacari	32700
jachu	267056
jachuuru	10900
Jacobo	141703
Jacoboacha	10900
jacorae	10900
jae	16350
jaelorohe	27250
jaequiin	10900
jaera	65401
jaerate	10900
jaiha	10900
jaihane	16350
Jairo	32700
jaiti	1040974
Jaitijiecha	10900
Jaitinachura	10900
jaleri	43601
jana	14753490
janaa	10900
Janaa	10900
janaacha	10900
janana	92652
janane	218005
jananihane	21800
janara	16350
janate	3417228
janiichure	16350
janiinacajelanaala	21800
janiinohinchuru	10900
janiinojoineein	10900
janijii	16350
janijiin	403309
janijiineein	16350
janijiinte	10900
janijilanaala	21800
jano	21800
janoaajeein	21800
janoanaa	10900
janoe	10900
janoha	27250
janohane	76301
janohetiin	32700
janohi	21800
janohin	136253
janoi	10900
janojanoheriin	16350
janojoeein	54501
janojoin	16350
janolari	38150
janonaa	643114
janonaane	81751
janone	92652
janoneein	59951
janonei	16350
janoniha	21800
janori	59951
janoriin	49051
janoriteein	16350
janotiin	168953
janotiineein	10900
janotiinetojoeein	10900
jaoha	103552
jaohaca	10900
jaohacaanu	16350
jaohacaanune	27250
jaohacache	10900
jaohacachete	10900
jaohacane	10900
jaohajeein	16350
jaohalune	10900
jaohane	59951
jaohene	10900
jaohiche	10900
jaohichene	10900
jaohin	190754
jaohine	43601
jaohinne	10900
jaole	10900
jaolecoha	32700
jaolecohane	10900
jaolecohanune	10900
jaolecohichene	32700
jaolecohin	54501
jaoleconaa	49051
jaolecoore	16350
jaolecooruha	32700
jaolecooruhane	43601
jaolecoorureein	16350
jaoleneein	81751
jaoleque	10900
jaolequelanaala	10900
jaolequiin	190754
jaonaa	179854
jaonajaain	10900
jaonajaauruhane	10900
jaonojoin	16350
jaonojoinecure	10900
jaonojoinecuruhane	16350
jaonojoineein	54501
jaonojoinereein	16350
jaonojoiniha	16350
jaooruha	10900
jaooruhane	81751
jaoreein	10900
jaotoroaain	10900
jaraantiin	10900
jaratoelanaala	10900
jaratono	10900
Jaredi	10900
jasiiteein	16350
jasisii	10900
jasisiin	16350
Jasoon	16350
jaspe	21800
jataaen	158053
Jataaenna	10900
Jataaente	16350
jataain	5095867
Jataaina	38150
Jataainachura	27250
Jataaine	65401
Jataainna	10900
jataainte	16350
Jataainte	201654
jataen	103552
jatoraain	59951
jatoroaa	16350
jatoroaain	196204
jauhecotojoeriin	136253
jaun	15957968
jauna	21800
jauncha	10900
jaune	27250
jaunna	1068224
jaunnacha	10900
jaunne	632214
jaunra	141703
jaunta	21800
jaunte	3951341
jauriaa	283406
jauriaalu	65401
Jauriaalute	32700
Jauriaana	10900
jauriaanaa	10900
jauriaanejeein	713966
Jauriaanejeeinte	21800
Jauriaate	10900
jaurianejeein	16350
jaurihaanejeein	27250
jaurihanejeein	16350
Jaurihanejeein	21800
jaurii	27250
jauriin	10900
jauriineein	21800
jecha	168953
Jeconiasi	10900
jeelai	528662
jeelaiha	16350
jeeoneein	32700
jeeoni	10900
jeeonijihanaain	16350
jeere	10900
jelai	1842142
jelaiha	512311
jelajinaa	21800
jelarona	16350
jelaronaa	32700
jelarotohane	10900
jeloon	190754
jeluhariin	43601
jeluhatiin	10900
jena	185304
jenaai	10900
jenaain	125352
jenachoonca	65401
jenai	92652
jene	10900
Jenesaree	10900
jera	196204
jeraaen	16350
jerajei	27250
jerajejeein	27250
jerane	54501
jeraniha	32700
jeranu	21800
jeraquiin	16350
jerau	76301
jere	179854
jerecuchene	10900
jerecure	239805
jerecurelu	21800
jerecurene	103552
jerecurenelu	16350
jerecureniha	32700
jerecurenihana	10900
jerecurenihane	65401
jerecuri	27250
jerecuruha	98102
jerecuruhana	10900
jerecuruhane	179854
jerecuruhanete	10900
jerecuruhi	27250
jerecurureein	27250
jereei	27250
jereeicha	38150
jereein	354258
jereeina	10900
jereeinchuru	10900
jereeine	152603
jereeita	38150
jereeite	16350
jereeun	327007
jereeune	16350
jereeunlu	16350
jereeunra	43601
jerei	931971
jereilu	10900
jereineein	27250
jerelanaala	321557
jerelu	16350
Jeremihasi	10900
jerena	81751
jerenacaaun	87202
jerenacaauru	21800
jerenacaaurute	10900
jerene	92652
jereneeiche	76301
jereneeichene	49051
jereneeichenete	10900
jereneeichera	16350
jereneeine	16350
jereneeun	59951
jereniha	49051
jerenihacaanu	21800
jerenihacaanune	10900
jerenihane	70851
jerenihanete	10900
jerenihanune	21800
jerenohi	163503
jerenohicha	59951
jerenohichana	10900
jerenohin	163503
jerenohineein	43601
jerequiche	65401
jerequichene	21800
jerera	114452
jereraauru	87202
jereraaurune	10900
jereraaurute	27250
jereranihane	10900
jererate	16350
jererein	16350
jeretohichene	10900
jeretoon	10900
jereun	10900
jericha	10900
Jericha	21800
jerichaachene	43601
jerichaane	32700
jerichaanu	103552
jerichaanune	43601
jerichaanura	38150
Jerichaaun	16350
jerichaaune	10900
jerichaaunne	141703
jerichanejeein	812068
Jerichanejeeinchu	59951
Jerichanejeeinte	21800
jerichanetojoeein	70851
Jerichanetojoeeinchu	10900
Jerico	16350
Jericoo	38150
jeriha	1073674
jerihaaun	10900
jerihana	27250
jerihane	861119
Jerihanete	49051
jerihei	54501
jeriheichuru	76301
jeriheichurute	27250
jerinaaun	21800
jeriquiche	76301
jeriquichene	109002
jeriquichenete	16350
Jerosaleen	348808
Jerosaleenne	16350
Jerosaleeun	594063
Jerosaleeunne	10900
jesinaaeca	16350
jesinaeca	10900
Jesocurisito	4071244
Jesocurisitohacha	92652
Jesocurisitohachate	21800
Jesocurisitona	76301
Jesocurisitone	730316
Jesocurisitoneein	16350
Jesocurisitonete	10900
Jesocurisitote	76301
Jesoso	6256744
Jesosohacha	32700
Jesosona	21800
Jesosone	2790464
Jesosoneein	38150
Jesosora	21800
Jesosote	49051
jetao	9597671
jetaora	10900
jetaote	12775095
jetaotechu	81751
jete	130803
Jetesemaniineein	10900
jiaain	49051
jiaanecuchera	10900
jiaaneein	38150
jiaauluhin	21800
jiacano	10900
jiacanone	10900
jiai	10900
jian	38150
jianacoo	283406
jianacoon	485061
jianatoroaain	16350
jiane	16350
jianecuche	16350
jianecure	32700
jianecurenihane	10900
jianecuruhane	21800
jianeein	506861
jianeeine	27250
jianeeinera	10900
jianeeinna	10900
jianeeujian	10900
jianeeun	16350
jianeeunlu	10900
jianelanaala	190754
jianemiin	10900
jianena	130803
jianenaacure	16350
jianequiche	10900
jianequichene	49051
jianeraauru	16350
jianerate	10900
jianerihanu	10900
jianerihei	10900
jianichaaunne	27250
jianiha	65401
jianihane	49051
jianihanete	10900
jianiquichene	10900
jiaohine	16350
Jiaohine	21800
jiaonriha	386958
Jiaonriha	566813
Jiaonrihachu	109002
Jiaoriha	16350
jiarana	32700
jicho	27250
jichohajiojoai	16350
jichohin	16350
jihaneein	10900
jiichoo	109002
jiichooneein	10900
jilenete	10900
jinaa	10900
jiniichaain	207104
jiniichaaine	10900
jiniinquiin	32700
jiniiquii	16350
jiniiquiin	1373431
jiniiquiine	21800
jiniiquin	16350
jiniquiin	38150
jioonone	10900
jiquihacoha	16350
jiquihaque	16350
jiquihaqui	10900
jiquihaquiin	70851
jitaain	81751
jitariin	604963
jiununuerateein	10900
jiununuhin	21800
jiurohane	10900
jiurona	125352
jiuronacaauru	16350
jiuronane	10900
jm	16350
joaaenreein	10900
joaaereein	16350
Joaan	888370
Joaane	21800
Joaanne	245255
Joaante	10900
joae	27250
joaelanaala	16350
joaenreein	403309
joaenreen	43601
joaenrein	16350
joaera	27250
joaerate	43601
joaerateein	16350
joaerateeura	10900
joaerateeuruhane	16350
joaereein	343357
joaereeincha	16350
joaereen	54501
Joana	10900
Joanaan	10900
joaracaain	21800
joaracaaune	10900
joaracaeraain	10900
Jodaa	70851
Jodasi	245255
Jodasine	49051
Jodea	272506
Jodeau	10900
joesio	43601
joesiocuru	49051
joesione	10900
Jofe	21800
Jofeu	32700
jojoe	16350
jojohin	21800
Jonaaun	10900
Jonasi	43601
Jonasine	27250
Joobe	10900
Joraam	10900
joracaa	38150
joracaain	43601
joracaerateein	10900
joracanaa	16350
jorerera	114452
Jorimi	10900
Jorio	98102
Joriocuru	119902
Joriocurune	32700
Jorionecurenihane	10900
Jorioneeichene	10900
Jorioneein	70851
Jorionelanaala	54501
Jorioneneeichene	32700
Jorionequichene	10900
Jorionichaachene	32700
Jorionichaanune	59951
Jorionichaaunne	10900
Jorionihechuru	16350
Jorioniheichuru	381508
Jorioniheichurune	32700
Jorioniheichurute	10900
Jorioniheinchuru	10900
Jorioo	16350
Jorioocuru	1166326
Jorioocuruhacha	10900
Jorioocuruna	70851
Jorioocurune	250705
Jorioocurura	32700
Jorioocurute	54501
Jorioonecuruhane	10900
Joriooneein	21800
Joriooniha	10900
Joriooniheichuru	10900
Jorodaan	76301
Jorodaaun	10900
Josafa	10900
Jose	283406
Josene	21800
Josete	10900
Josiasi	10900
Josto	16350
Jotaam	10900
jouhaquiin	10900
jujuaa	10900
jujuaain	38150
jujuai	43601
jujuaihuru	10900
jujuhi	27250
jujuhin	10900
jujui	103552
Junta	49051
laaen	267056
laaenra	16350
laaojoiri	125352
laaojoiriicha	10900
laatecururinaain	10900
laatelanaala	21800
lacohitiin	10900
lacojoaain	10900
laculacunejeein	16350
lacuroaera	10900
lacuroaeraneein	10900
lacurocure	10900
lacurocuruhane	10900
laen	2343554
laenaa	21800
laenaain	261606
laenaalu	38150
laenaau	54501
laenaaun	125352
laenaaunlu	16350
laenaaunra	10900
laenaaure	10900
laenacaanu	21800
laenacaaunlune	21800
laenacaaunne	16350
laenacure	10900
laenacurelu	10900
laenacuruhalu	27250
laenaelu	65401
laenaera	10900
laenaerate	54501
laenaerateein	21800
laenaeratei	10900
laenaeratelu	70851
laenaeratihalu	27250
laenaeratiheilu	10900
laenahaaun	10900
laenahaaunlu	10900
laenai	114452
laenailu	16350
laenaje	10900
laenana	10900
laenanohi	32700
laenanohine	10900
laenanohineein	626764
laenanohiniha	10900
laenanohinihane	21800
laenanohinihei	10900
laenanoineein	10900
laenarate	32700
laenaratiha	16350
laenaratihalu	10900
laenareeunni	16350
laenaunra	10900
lajaaqui	10900
lalajeein	27250
lalajeeuruha	10900
Lamee	10900
lana	109002
lanaa	27250
lanaacha	21800
lanaain	10900
lanaajiojoai	10900
lanaala	299756
lanaalane	10900
lanaalara	10900
lanaalate	16350
lanaanla	10900
lanaaocane	16350
lanaauru	21800
lanaaurune	21800
lanae	10900
lanaelanaala	16350
lanajaain	16350
lanajai	54501
lanajeeca	27250
lanajeje	10900
lanane	38150
lananeein	10900
lanaquelanaala	27250
lanaro	32700
Laodiseau	27250
laojoiri	27250
laraajiin	534112
lararajiaa	27250
lararajiaain	114452
lararajiae	10900
lararajiaera	10900
larijia	10900
Lasaro	76301
Lasarone	10900
latecure	21800
latecuruha	16350
latecuruhane	21800
latecuruhi	21800
lateeicha	21800
lateein	185304
lateeine	10900
latei	316107
lateine	16350
latejiojoiriin	21800
latelanaala	81751
latequichene	21800
lateriaunni	10900
laterihacache	10900
latiha	27250
latihane	21800
latihei	10900
latijiojoiriin	16350
Latinaaun	10900
lauhaca	38150
lauhecoha	49051
lauhecohanune	10900
lauheconaa	27250
lauheque	59951
lauhequiin	59951
laujuae	43601
laujuai	16350
laulauquiin	10900
lauri	784818
lauriaain	32700
lauriae	10900
laurichuru	65401
laurichurune	10900
laurihu	21800
laurii	218005
lauriin	119902
lauriinte	16350
laurijieein	21800
laurijiracuru	76301
laurijiraneein	10900
laurilauri	27250
laurineein	38150
laurinei	10900
laurinelanaala	10900
laurini	10900
lauriu	16350
laurujua	10900
le	921071
Lebi	76301
Lebine	10900
lecachaauru	10900
lecachanichaachene	10900
lechoonca	550462
lechooncaain	43601
lechooncai	38150
lechooncanu	32700
leeijiin	10900
leeinjiin	354258
leeinjiinejeein	21800
leeocha	1090025
leeochaauru	1782191
leeochaauruna	10900
leeochaaurune	212554
leeochaaurute	87202
leeochane	32700
leeochaneein	98102
leeochate	21800
leeon	38150
leesajeein	16350
lefasha	43601
lefashaain	10900
leijiin	16350
leinjiana	21800
leinjianaain	21800
leinjihanaain	10900
leinjiin	3150172
leinjiincha	59951
Leinjiinchate	10900
leinjiine	27250
leinjiinejeein	16350
leinjiinejei	10900
leinjiinejein	21800
leinjiiniji	70851
leinjiinijin	16350
leinjiinne	27250
leinjiinniji	27250
leinjiinte	43601
lejiichoo	16350
lelaurijiei	10900
lele	16350
lema	10900
lenacai	16350
lenone	768467
lenonecuche	21800
lenonecure	54501
lenonecuru	103552
lenonecuruha	21800
lenonecuruhane	136253
lenoneecha	27250
lenoneeicha	10900
lenoneein	348808
lenoneeine	16350
lenonelanaala	38150
lenonena	59951
lenonenacaauru	16350
lenonene	27250
lenonenee	10900
lenoneneein	21800
lenonenu	16350
lenonequiche	10900
lenonequichene	43601
lenonerichaanuhin	10900
lenonete	10900
lenonichaachene	16350
lenonichaane	10900
lenonichaanune	10900
lenonichaaunne	10900
lenoniha	98102
lenonihane	43601
leochaauru	16350
leochaaurute	21800
lera	136253
leranu	32700
leranune	10900
lerateein	10900
leruhin	76301
leruune	16350
leruuneein	10900
leruuruhane	10900
lesajeein	21800
lesajeeincha	10900
lesajei	21800
letoaa	228905
letoaacaanu	32700
letoaaene	21800
letoaaenu	10900
letoaaichelu	10900
letoaain	130803
letoaaine	10900
letoaainte	10900
letoaalune	10900
letoaane	87202
letoaanu	27250
letoaanune	38150
letoaanunete	10900
letoaau	16350
letoaauchete	10900
letoaaun	119902
letoaaunlu	10900
letoaaunra	21800
letoaaure	141703
letoaauri	10900
letoaauruha	38150
letoaauruhane	27250
letoaaute	10900
letoacaanu	38150
letoae	419659
letoaelu	92652
letoaeni	10900
letoaenihanena	10900
letoaera	87202
letoaeraneein	16350
letoaerate	10900
letoai	98102
letoaite	10900
letoanaa	38150
letoanajaa	27250
letoanajaain	32700
letoanajaane	27250
letoanajaaurera	10900
letoanajaauruhane	10900
letoanajae	81751
letoanajaen	10900
letoanojoin	10900
letoanojoineein	21800
letoanojoineeinte	10900
letoareein	32700
letoareeunni	59951
letoarichaanuhin	21800
letohaun	10900
letona	49051
letono	937421
letonoa	10900
letonoaneein	10900
Letonoaneein	10900
letonocuru	425109
letonocurune	54501
letonohacha	59951
letonone	27250
letononeein	577713
letononeeine	16350
letononeeinte	16350
letononelanaala	38150
letononiha	38150
letonote	10900
Licaoniha	10900
Lidau	10900
Lidia	10900
limoon	27250
lino	16350
Listrau	27250
loanari	38150
loanariicha	10900
Locasi	10900
lohanari	10900
lohanarinu	10900
lojoinojoineein	10900
lomoha	16350
loreri	1602337
lorerichuru	32700
loreriquiin	10900
lorerite	16350
loroaecaain	27250
Loto	10900
Lotone	16350
luhantiin	10900
luhecaain	10900
luhecotariin	152603
lunaa	10900
lune	27250
Maadala	76301
maajeeichuru	10900
maajeein	801168
maajeeina	10900
maajeeinchuru	16350
maajeeine	16350
maajeeinna	21800
maajeeinte	38150
Maati	10900
macararo	10900
machoharohane	10900
macohi	239805
macohiniha	16350
mainajeein	130803
mainajeriin	54501
majeein	21800
Malareri	10900
manaa	49051
Manasee	16350
maosa	218005
maosacuru	98102
maosacurune	10900
maosane	65401
maosaneein	59951
Marata	49051
Maratane	27250
Mariha	288856
Marihane	81751
Marihate	16350
marinerooru	21800
maririjiacoaaure	10900
Maroco	49051
Masedonia	76301
Masedoniau	70851
Mataa	21800
Mataan	10900
Matata	10900
Matatiasi	21800
Mateeo	27250
Matiasi	10900
Matosalee	10900
Meleea	10900
Melquisedee	70851
Melquisedeene	10900
memoaaure	16350
Mena	10900
meracaain	21800
merecaain	32700
meri	76301
Meriqui	21800
mesa	10900
Mesihasi	190754
Mesihasicha	16350
Mesihasine	49051
Mesihasineei	10900
Mesihasineein	38150
Mesihasineeine	10900
metoro	10900
metoroaain	10900
metorone	10900
metoroneein	10900
michuha	27250
michuurureein	10900
mijiaaineein	179854
mijiaainetiin	27250
mijiaineein	10900
mijiainetiin	16350
mijieeinetiin	21800
mijieineein	10900
mijiintohane	10900
mijiitooruhane	10900
mijitena	76301
mijitenacaaun	16350
mijitichaaunne	10900
Miletoo	16350
milloonneein	10900
mitaa	16350
mitaain	92652
mitaane	21800
mitaanune	10900
mitae	16350
mitaera	43601
mitaeraanu	27250
mitaeraneein	21800
mitaeranu	65401
mitanajaain	21800
mitatiin	10900
mitu	103552
mitue	98102
mituha	141703
mituhajeein	10900
mituhane	21800
mituhe	16350
mituhelanaala	16350
mituhin	354258
mitunaa	76301
mitunaate	10900
mitunaja	10900
mitunajaan	10900
mitureein	10900
mituuche	10900
mituure	10900
mituuru	10900
mituuruha	10900
mituuruhane	16350
mituurureein	10900
moco	27250
mocoe	16350
mocoha	65401
mocohaca	21800
mocohane	54501
mocohichene	21800
mocohin	179854
mocoi	10900
moconaa	16350
Moconajaaera	10900
moconajaera	828419
moconajaeraacha	16350
Moconajaeraacha	16350
moconajaeracuru	10900
Moconajaeracuru	10900
moconajaerane	168953
Moconajaerate	27250
moconojoiniha	16350
mocoore	16350
mocoori	10900
mocooruha	16350
mocooruhane	49051
mocoreein	10900
Moisesa	1111825
Moisesaacha	21800
Moisesane	136253
Moisesate	27250
moloerateein	10900
moloeratelanaala	10900
molohin	27250
molonojoin	10900
molonojoineein	10900
moloo	10900
moloonejeein	10900
moloorera	10900
moneda	21800
mosatasa	27250
mucue	16350
mucuera	10900
mucueraneein	10900
mucuerate	16350
mucuerateein	10900
mucuha	70851
mucuhane	27250
mucuhichene	32700
mucuhin	490511
mucuhineein	10900
mucuhinte	10900
mucunaa	27250
mucunajaain	21800
mucunojoineein	10900
mucuure	32700
mucuurera	21800
mucuurerane	10900
mucuuri	10900
mucuuriin	32700
mucuuruhane	59951
mucuutaaure	10900
mululuhin	21800
mululune	10900
muruaae	49051
naa	2452556
naacaanu	98102
naacaanune	49051
naacachenete	16350
naacane	16350
naai	16350
naaiche	70851
naaichene	65401
naain	6589202
naaina	21800
naainte	158053
naajeeichate	10900
naalu	59951
naalune	10900
naane	539562
naanete	27250
naansaine	10900
naanu	21800
naanune	59951
naaojoaain	92652
Naaojoaainte	27250
naaojoaihunri	10900
naaojoain	109002
naaojoainunri	43601
naaojoainuri	10900
naaonjoa	10900
naaonjoaacaanune	21800
naaonjoaacachene	21800
naaonjoaaichene	16350
naaonjoaaihunri	43601
naaonjoaaihunrite	10900
naaonjoaain	1133626
naaonjoaaincha	21800
naaonjoaainche	21800
naaonjoaainchene	21800
naaonjoaainchuru	10900
naaonjoaaine	38150
naaonjoaaineein	10900
Naaonjoaainne	10900
naaonjoaainte	10900
Naaonjoaainte	59951
naaonjoaainunri	163503
naaonjoaan	81751
naaonjoaane	81751
naaonjoaanne	43601
naaonjoaanune	21800
naaonjoaaunre	59951
naaonjoaaunruha	10900
naaonjoaaunruhane	38150
naaonjoaaurelu	10900
naaonjoaauruha	10900
naaonjoaauruhane	27250
naaonjoaelu	10900
naaonjoaen	21800
naaonjoai	10900
Naaonjoai	16350
naaonjoaihun	43601
naaonjoaihunri	348808
naaonjoaihunrina	10900
naaonjoaihunrine	10900
naaonjoaihunrite	16350
naaonjoaihunru	27250
naaonjoaihurine	10900
naaonjoain	604963
naaonjoainchene	10900
naaonjoaine	21800
naaonjoaineeichene	27250
naaonjoaineein	21800
naaonjoaineeinne	10900
naaonjoainichaanune	10900
naaonjoainihacaanune	10900
naaonjoainne	10900
naaonjoainte	21800
Naaonjoainte	32700
naaonjoainu	27250
naaonjoainun	16350
naaonjoainunru	43601
naaonjoainuri	1389782
naaonjoainuricha	10900
naaonjoainuriicha	10900
naaonjoainurine	163503
naaonjoainurite	38150
Naaonjoaite	10900
naaonjoan	21800
naaonjoaunreta	10900
naaonjoaunri	16350
Naaoso	10900
naasaaere	16350
naauche	43601
naaun	16350
naaunre	16350
naaure	850219
naauru	38150
naauruha	479611
naauruhana	16350
naauruhane	272506
naauruhine	10900
naaurureein	59951
nabana	910171
Nacaai	10900
nacaauru	16350
nacano	10900
nacatichei	10900
nacatiha	168953
nachu	38150
nachuhinti	168953
nachura	16350
nacoaauneein	474160
nacoauneein	468710
Nacoauneeine	10900
nacodohaqui	10900
nacohauneein	10900
Nacoro	10900
nae	2349004
naelanaala	10900
naelu	70851
naenihacane	10900
nahaaun	10900
nain	10900
nainaa	38150
nainaai	10900
nainaaichene	10900
nainaain	561362
nainaaine	10900
nainaainte	16350
nainaane	158053
nainaaun	27250
nainaauruhane	38150
nainacorichure	10900
nainacoriin	21800
nainacuche	109002
nainacure	16350
nainacuruha	10900
nainacuruhane	43601
nainae	16350
nainaelanaala	10900
nainaelu	27250
nainanacaaurune	10900
nainanachara	10900
nainaquichene	21800
nainatejeein	16350
naine	250705
nainecojoaain	32700
nainecure	38150
nainecurene	196204
nainecurenelu	21800
nainecurenera	10900
nainecurenereein	10900
nainecurenihane	87202
nainecuruha	65401
nainecuruhane	119902
nainecuruhi	98102
nainecurure	27250
nainecurureein	32700
nainecururihei	16350
nainecururinaain	21800
naineei	38150
naineeicha	10900
naineein	430559
naineeina	10900
naineeine	65401
naineeinne	10900
naineeinte	10900
naineeun	65401
nainei	267056
naineine	10900
nainejeein	65401
nainejei	10900
nainelanaala	65401
nainene	239805
naineneei	16350
naineneeiche	98102
naineneeichene	27250
naineneeun	38150
nainenelu	38150
nainenere	16350
nainenereein	21800
naineneriquiche	10900
naineniha	147153
nainenihaca	10900
nainenihacaanu	27250
nainenihacaanune	21800
nainenihacache	16350
nainenihacachene	10900
nainenihane	109002
nainequiche	109002
nainequichene	114452
nainera	163503
naineraauru	10900
naineraneein	76301
nainere	163503
nainereei	27250
nainereein	76301
nainereeun	16350
nainereeunni	10900
nainerichaacheein	21800
nainerichaaunni	16350
naineriha	10900
nainerihaacache	10900
nainerihacacheein	10900
nainerihei	65401
naineriheicheein	10900
nainerinaain	76301
naineriquiche	16350
naineriquicheein	43601
naineriquiin	10900
nainesihurene	32700
nainesineeun	16350
nainesinihacaanu	10900
nainetiin	54501
nainetiinte	16350
nainichaa	10900
nainichaache	59951
nainichaachene	54501
nainichaanu	10900
nainichaanune	10900
nainichaaun	21800
Nainichaaun	27250
nainichaaune	27250
nainichaaunne	98102
nainiha	234355
nainihaacaanu	16350
nainihaacache	136253
nainihaaun	81751
nainihaaunta	27250
nainihacaanu	10900
nainihane	212554
nainihate	16350
nainihaun	16350
nainiheei	27250
nainiheeiche	218005
nainiheeicheta	10900
nainihei	577713
nainihein	21800
naininaaun	32700
nainiquiche	10900
naitoojoan	10900
naitoonjoa	207104
naitoonjoaacha	10900
naitoonjoalu	10900
naitoonjoan	365158
naitoonjoante	16350
najaa	21800
najaabiji	16350
najaan	98102
najaannu	10900
najaaun	16350
najabaracaain	10900
najaun	49051
najauriaa	10900
najian	38150
najiniha	109002
nalaaene	10900
nalaecuruhane	10900
nalarijia	27250
nalone	10900
nalue	27250
naluha	103552
naluhane	21800
naluhin	43601
nalunaa	81751
nalunacaauru	32700
nalunacaaurute	21800
nalureein	10900
nalurichaacheje	10900
namihaneeo	38150
namihaneeocha	10900
namihaneeon	27250
namu	10900
namuritiin	10900
namuritoroatena	10900
namute	332457
nanaa	54501
nanaae	16350
nanichuche	10900
nanichuchera	10900
naojoaain	16350
Naojoainte	10900
naonae	10900
naosateeichenera	10900
naosateein	43601
naosatenaa	27250
naosatiha	21800
naosatihajeein	21800
naraai	10900
naraaichuru	125352
naraaichurune	10900
nardo	10900
nareein	21800
nareeunni	10900
narejeen	92652
Narejeen	130803
narejeencuru	10900
narejeene	10900
Narejeene	16350
Narejeenne	59951
Narejeente	27250
Nariha	87202
Narihara	54501
nariquicheein	10900
nasaae	32700
nasae	16350
Nasarete	158053
Nasareteu	10900
nasichure	10900
nasiin	16350
nasina	10900
Nasoon	21800
Nataan	10900
Natanaaeli	16350
Natanaaeline	10900
natane	109002
nataneu	32700
natiin	1422482
natiina	10900
natiincha	10900
natiine	27250
natiinna	10900
natiinta	38150
natiinte	272506
nauhacaa	21800
nauri	65401
nauriteriin	16350
nauruta	10900
naurutaain	27250
nautana	10900
ne	4905113
neba	386958
nebaene	16350
nebane	21800
nebaneein	16350
nebaotisaerateein	10900
nebaotisaerateeurelu	10900
nebate	10900
nebateein	21800
nebetacaanune	16350
nebetacaelu	10900
nebetacana	27250
nebetacanaa	337907
nebetacanajau	10900
necaihara	21800
necairichaa	54501
necairichaacaanu	16350
necairichaacaanune	10900
necairichaacachene	16350
necairichaaecaache	10900
necairichaaichene	10900
necairichaain	16350
necairichaalu	10900
necairichaanaa	10900
necairichaanune	10900
necairichaaun	10900
necairichaaure	10900
necairichaauruha	10900
necairichaauruhane	27250
necairichaaurureein	10900
necairichae	16350
necairichajeein	38150
necairichanaa	812068
necairichanaate	10900
necairichanacaauru	21800
necairichanaja	10900
necaohacha	190754
necaohachaa	27250
necaohachaain	130803
necaohachaane	10900
necaohachanaa	10900
necaohachane	10900
necaojoanaa	10900
necha	316107
nechaainti	10900
Nechaainti	10900
nechu	1684088
necoaauna	21800
necoaaunaa	16350
necoaaunaain	16350
necoansaijianaa	16350
necoasitaa	10900
necoatijiaacane	10900
necoatijianaa	10900
necoatoelanaala	10900
necoaunaa	16350
necoaunaain	21800
necoaunaeniha	16350
Necodemo	32700
Necodemone	21800
necoe	16350
necoeein	43601
necoeeure	21800
necoeje	98102
necoejechanuhin	16350
necoejelanaala	16350
necoejenaa	21800
necoejereeunni	10900
necoelaain	43601
necoelai	27250
necoelajaauharitiin	10900
necoelajauharitiin	10900
necoeraain	16350
necohalajihuche	10900
necohalajiin	130803
necohasitaa	10900
necohasitaacha	10900
necohasitaain	54501
necohasitaanune	10900
necohasitanaa	32700
necohasitareeunni	10900
necoihane	10900
necoina	10900
necore	10900
necoreeteeichene	10900
necoreeteein	81751
necoreniha	10900
necoreteein	103552
necoreteeuruha	10900
necoreteeuruhane	10900
necoretelanaala	10900
necoretenacaauru	32700
necoretiha	27250
necoriha	43601
necoriquijiaain	21800
necoritaain	10900
necoritarichaacheein	10900
necosuujuaaure	10900
necunaitaaine	10900
nedaa	27250
nedaai	16350
nedaain	32700
nedaaine	10900
nedaane	16350
nedaanune	10900
nedaareein	10900
nedaaure	32700
nedaauruhane	10900
nedaauruhi	10900
nedaaurureein	10900
nedae	87202
nedanaa	27250
nedanacaauru	10900
nedareein	38150
nee	10900
neebana	10900
neecha	16350
neechate	21800
neechu	16350
neei	196204
neeicha	114452
neeiche	763017
neeichelu	65401
neeichelune	27250
neeichene	2659661
neeichenena	43601
neeichenera	10900
neeichenete	207104
neeichera	21800
neeicheta	10900
neein	3744236
neeina	49051
neeincha	27250
neeinchene	49051
neeine	855669
neeinera	21800
neeineta	10900
neeinete	21800
neeinna	27250
neeinne	27250
neeinte	38150
neeje	38150
neenejeein	10900
neeni	43601
neenihu	16350
neenihuru	49051
neenihurune	16350
neenihurute	10900
neeninu	27250
neeninuru	10900
neeonjoai	16350
neeonjoain	10900
neeorihacaanu	10900
neeorihane	27250
neeorihun	10900
neeorihura	10900
neeoriin	59951
neeoriinte	10900
neeorite	16350
neeoritiin	32700
neeoritoha	16350
neere	10900
Neeri	10900
neeruhane	10900
neeu	103552
neeuche	812068
neeuchera	54501
neeuchete	59951
neeun	724866
neeunaain	27250
neeunlu	76301
neeunlura	10900
neeunra	125352
neeunruhane	10900
neeura	10900
neeure	970122
neeurelu	152603
neeurelura	10900
neeurene	32700
neeureniha	21800
neeurenihane	43601
neeuru	76301
neeuruha	664915
neeuruhalu	32700
neeuruhalune	27250
neeuruhana	21800
neeuruhane	1237178
neeuruhanete	32700
neeuruhi	49051
neeuruhilu	10900
neeuruhine	152603
neeuruhinera	10900
neeurumiin	16350
neeurunaja	10900
neeurure	21800
neeurureein	245255
neeurureeincha	21800
neeururein	16350
neeururichaain	32700
neeururichaaine	38150
neeururichaainne	16350
neeururiha	10900
neeururihei	16350
neeururinaain	16350
neeute	21800
nefaa	10900
nefaauruhane	10900
nefae	21800
nefaruhin	10900
Nefatalii	16350
neferatenaaneein	16350
nefoerate	87202
nefoerateeurelu	10900
nefoerateeuru	49051
nefoerateeurura	16350
nefoeratenaa	43601
nefoeratenaaneein	27250
nefoerateneein	76301
nefoeratenichaanu	10900
nei	207104
neina	10900
neine	16350
neinequichene	21800
neinichaachene	76301
neinichaanune	16350
neinichaaunnena	10900
neinihane	10900
neinihanete	16350
neiniquichene	152603
neite	76301
nejanoa	43601
nejanoaa	54501
nejanoaain	54501
nejanoaane	65401
nejanoae	27250
nejanoaelu	21800
nejanoaenihalu	10900
nejanoanaa	207104
nejanoanaanichaaunne	16350
nejanoanacaauru	10900
nejanoane	10900
nejanoare	10900
nejanoha	32700
nejanohanaa	87202
nejanohanaaneein	16350
nejanohanune	27250
nejanonaa	10900
nejeein	288856
nejeeinchu	10900
nejeeotejeein	10900
nejein	27250
nejelaauru	21800
nejelajaain	10900
nejelau	425109
nejelauneein	76301
nejelaunihacoaain	16350
nejena	10900
nejenane	10900
nejenate	10900
nejenohin	21800
nejera	354258
nejeraauru	457810
nejeraauruhachate	10900
nejeraaurune	43601
nejeraaurute	10900
nejerane	27250
nejeraneei	10900
nejeraneein	98102
nejerate	21800
nejerateeichene	21800
nejerateein	337907
nejerateeriin	16350
nejerateeure	21800
nejerateeurelu	10900
nejerateeuruha	16350
nejerateeuruhane	10900
nejeratenaa	92652
nejeratenaaneein	92652
nejeratenacaauru	141703
nejeratereein	49051
nejeratiha	38150
nejeratihane	21800
nejesina	267056
nejesinaacha	54501
nejesinaachate	10900
nejesinajeein	299756
nejesinane	10900
nejesinaneein	98102
nejesinanejeein	16350
nejetaote	10900
Nejetaote	506861
nejoracaa	38150
nejoracae	10900
nela	49051
nelaaetoha	27250
nelaetoha	21800
nelanaaejeein	10900
nelanaala	92652
nelanaalate	10900
nelanajaain	10900
nelanajaane	27250
nelanajanaa	10900
nelararajiaain	87202
Nelararajiaaura	10900
nelate	147153
nelatecuri	10900
nelatecuruhane	27250
nelateein	566813
nelatei	65401
nelateine	16350
nelateineein	228905
nelateinneein	32700
nelatejeecane	16350
nelatejeehaaun	16350
nelatejeehai	32700
nelatelanaala	141703
nelatelu	10900
nelatena	16350
nelatenacaauru	10900
nelatene	43601
nelateneni	10900
nelatenenu	10900
nelateniha	10900
nelatenihane	21800
nelatenihanune	27250
nelatere	32700
nelaterihei	59951
nelaterinaaun	10900
nelatiha	76301
nelatihane	32700
nelatihei	277956
nelatineein	27250
nelauriaa	54501
nelauriaacoaain	10900
nelauriaaichene	10900
nelauriaain	190754
nelauriaau	10900
nelauriaaure	21800
nelauriaauruha	32700
nelauriaelu	10900
nelauriana	32700
nelaurianaa	10900
nelaurianaana	10900
nelaurianacaauru	10900
nelaurianaja	27250
nelaurianajaan	10900
nelaurianajan	10900
nelauriananaja	38150
nelauriariin	49051
nelauriariquicheein	10900
nelaurihaain	10900
neleeonijiaain	10900
neleereein	10900
neleeriha	21800
neleru	65401
nelerucure	21800
nelerucuru	16350
neleruha	10900
neleruhin	98102
nelerujuacoaain	16350
neloheritihane	10900
nelonae	10900
neloraain	10900
nelu	779368
nemarote	16350
nemoha	10900
nemucuhin	10900
nemuri	190754
nena	109002
Nena	550462
nenaa	8137037
nenaacha	27250
nenaachate	10900
nenaalu	92652
nenaana	16350
nenaanaja	59951
nenaanajaaunru	32700
nenaanajaauru	38150
nenaanajaun	27250
nenaane	201654
nenaaneei	10900
nenaaneeicha	10900
nenaaneein	59951
nenaanelu	38150
nenaanera	16350
nenaanihane	10900
nenaara	16350
nenaate	250705
nenacaae	10900
nenacaaen	130803
nenacaaeneein	32700
Nenacaaentejia	10900
nenacaaru	21800
nenacaauru	5564578
nenacaauruhacha	32700
nenacaaurulu	27250
nenacaauruna	16350
nenacaaurune	294306
nenacaaurura	16350
nenacaaurute	201654
nenacae	10900
nenacaen	21800
Nenacaen	21800
nenacaeneein	27250
nenacauru	10900
nenainetiin	21800
nenaja	65401
nenajaauru	10900
nenajau	10900
nenajaun	114452
nenate	10900
nenatecure	21800
nenateein	27250
nenatemiin	10900
nenatena	38150
nenatereeunni	10900
nene	212554
neneei	10900
neneeiche	16350
neneeichena	10900
neneeichene	59951
neneeine	32700
neneeun	21800
nenere	10900
nenereeicheein	10900
nenereein	21800
nenerihani	21800
neniha	386958
nenihacaanune	16350
nenihacachene	16350
nenihana	16350
nenihane	76301
nenihanune	59951
neniquichene	16350
nenoaain	10900
nenorocoaain	10900
nenotaain	10900
neosateein	16350
neosatihajeein	10900
neque	10900
nequiche	16350
nequichene	59951
nera	147153
neraain	16350
neranuha	10900
Nerausiaaecate	10900
Nerausiaaecuruha	43601
nerausiaaejeein	10900
nerausiaejeein	10900
nerausiajeein	38150
Nerausiajeeinte	10900
nerautaa	38150
nerautaacoaaure	21800
nerautaai	16350
nerautaaicha	27250
nerautaain	65401
nerautaaine	27250
nerautaane	27250
nerautaaun	10900
nerautaaure	21800
nerautae	65401
nerautaeratiha	10900
nerautamiin	16350
nerautanaa	59951
nerautareein	16350
nerautareeunni	10900
nere	1400682
nereecha	21800
nereei	16350
nereein	381508
nereeonohin	10900
nereeun	16350
nereeunicha	10900
nereeunni	98102
nerejetelu	32700
nerejetocoaachelu	21800
nerejetocoaanulu	10900
nerejetocoichelu	32700
nerejetocure	16350
nerejetocurelu	10900
nerejetohilu	16350
nerejetoonlu	21800
nerelaa	10900
nerelaain	38150
nerelaete	10900
nerelana	10900
nerelanaa	501411
nerelanaanichaanune	16350
nerelanacaauru	828419
nerelanacaaurune	130803
nerene	10900
nereretanaa	81751
nererojoecaa	16350
nererojoecaache	16350
nererojoecaaeriin	81751
nererojoecaaichene	10900
nererojoecaain	152603
nererojoecaaojoaain	10900
nererojoecaaure	49051
nererojoecaauruha	10900
nererojoecae	21800
nererojoecaelanaala	38150
nererojoecaeriin	10900
nerete	10900
nerichaache	16350
nerichaacheein	65401
nerichaacheeine	10900
nerichaacheeinne	27250
nerichaachein	10900
nerichaain	59951
nerichaainne	10900
nerichaanu	10900
nerichaanuhi	10900
nerichaanuhin	16350
nerichaanuhine	10900
nerichaaunnine	16350
neriha	10900
nerihaain	38150
nerihaaunni	16350
neriheeini	10900
nerihei	54501
nerinaain	190754
nerinaaunni	16350
neriquiche	10900
neriquicheein	196204
neriquicheeine	49051
neriquicheeinne	16350
neriquiin	38150
neriquiincha	38150
nerocohin	10900
nerora	10900
nerorane	10900
neroraneein	10900
nerotocure	10900
nerotoe	16350
nerotoha	16350
nerotohane	10900
nerotohin	16350
nerotomiincha	10900
nerotona	10900
nerotonacaauru	10900
nerotoreein	10900
nerurujua	16350
nerurujuaa	27250
nerurujuaain	10900
nerurujuae	32700
nerurujuanaa	16350
neruujiha	10900
neruujueein	16350
neruujueeure	10900
nesaoquine	10900
nesaotane	10900
nesari	10900
nesarucuruhane	38150
nesarue	16350
nesaruha	49051
nesaruhane	16350
nesaruhin	158053
nesarujueein	49051
nesaruna	32700
nesaruquichene	21800
nese	675815
neseeonraain	70851
neseeonriaain	81751
neseeonriaaure	10900
neseeonriaauruhane	10900
neseeoriaain	21800
neseeu	136253
neseeuru	245255
neseeurune	10900
nesene	21800
neseu	305207
nesiha	10900
nesilu	10900
nesina	16350
nesineneein	16350
nesirihateein	21800
nesirihatenaa	10900
nesoaiheite	10900
nesohin	27250
nesoone	70851
nesooneeiche	10900
nesooneein	16350
nesooneeojoaain	10900
nesoonenaa	16350
nesoonete	10900
nesoonetiin	65401
nesoonetohachera	16350
nesoonetohara	16350
nesoonetohichenera	10900
nesoonetoore	32700
nesoonetooruha	10900
nesoonetooruhane	32700
nesurucuaaunne	16350
nesurue	16350
nesuruha	38150
nesurunaja	27250
nesurunajaanu	10900
nesuujiha	10900
nesuujueein	16350
neta	16350
netaojia	10900
netaojiaaichene	21800
netaojiaain	179854
netaojiaaure	65401
netaojiaauruha	54501
netaojiaauruhane	49051
netaojiaauruna	10900
netaojiana	21800
netaojianacaauru	59951
netaojianaja	10900
nete	343357
Nete	3417228
Netechu	10900
neteein	16350
netelu	10900
netiha	21800
netiin	408759
netiinne	10900
netiinte	10900
netojoeein	65401
netojoein	10900
netonai	1989295
netonain	10900
netonaina	21800
netonaine	109002
netonainte	10900
netonaite	190754
netonoai	81751
netonoain	10900
netonoaine	21800
netonoaite	32700
nicha	16350
nichaachene	103552
nichaae	81751
nichaanu	10900
nichaanune	539562
nichaanunena	16350
nichaatiha	32700
nichaaun	54501
nichaaune	43601
nichaaunna	10900
nichaaunne	501411
nichaaunnena	38150
nichaauraa	10900
nichaauraain	152603
nichaaurae	10900
nichae	65401
nichajai	523212
nichajaine	10900
nichajaique	10900
nichanaa	16350
nichanaane	10900
nichao	288856
nichata	577713
nichatachoonca	27250
nichataja	43601
nichatajaain	59951
nichatajai	59951
nichatajaihuri	16350
nichatajane	10900
nichatajate	10900
nichaun	10900
nichaunna	10900
nichaunne	21800
nichoae	207104
nichoala	10900
nichote	10900
nichoteeiche	10900
nichoteeichene	38150
nichoteein	98102
nichoteeneeuri	10900
nichoteeurelu	10900
nichoteeurenereein	16350
nichoteeuruhana	10900
nichoteeuruhane	16350
nichoteeurureein	16350
nichoteeururichaain	16350
nichoteeururichaaine	21800
nichotei	10900
nichotenaa	212554
nichotenacaauru	10900
nichotereein	32700
nichoterichaacheein	10900
nichoterichaacheeine	16350
nichoterichaacheeinne	10900
nichoterinaain	10900
nichotiha	54501
nichotihane	21800
nichotihanune	10900
nichuuntaa	49051
nichuuntaacaanu	10900
nichuuntaacoaain	16350
nichuuntaain	212554
nichuuntaauruhane	10900
nichuuntanaa	16350
nichuutaa	10900
nichuutaain	27250
Nicolasa	10900
Nieichu	16350
niha	5019565
nihaacaanu	54501
nihaacache	38150
nihaaun	38150
nihaaunlu	10900
nihaca	10900
nihacaanu	277956
nihacaanulu	10900
nihacaanulune	16350
nihacaanune	310657
nihacaanura	10900
nihacache	305207
nihacachelu	10900
nihacachelune	10900
nihacachena	16350
nihacachene	790268
nihacachenete	87202
nihacachera	21800
nihacane	70851
nihacanete	21800
nihache	136253
nihacoaa	10900
nihacoae	10900
nihalu	294306
nihalune	158053
nihana	201654
nihanatiin	1242628
nihanatiina	10900
nihanatiine	10900
nihanatiinte	125352
nihane	2910367
nihanena	21800
nihaneta	10900
nihanete	174404
nihanu	81751
nihanulune	32700
nihanuna	10900
nihanune	855669
nihanunena	21800
nihaunta	21800
niheei	16350
niheeiche	49051
nihei	1302580
niheichu	277956
Niheichu	833869
niheichuru	27250
niheilu	103552
nihein	54501
niheinchu	16350
niheita	10900
nii	41268353
niicha	3689735
niichuru	32700
Niichuru	38150
niichurute	21800
Niichurute	54501
Niilai	10900
niine	10900
Niine	21800
niique	10900
Niique	10900
niita	16350
niite	54501
Niite	327007
niji	21800
nijiaohanne	10900
nijiaohine	10900
nijiaonreein	10900
Nijiaonria	10900
nijiaonriha	21800
Nijiaonriha	54501
Nijiaonrihachu	16350
nimichucuchete	10900
nimichucutaain	16350
nimichuhin	337907
nimichuin	10900
nimichureein	10900
nimichuura	10900
nimihuritiin	10900
nimioritiin	10900
ninaa	10900
ninana	10900
ninauhene	16350
Ninibe	21800
ninichaajeein	16350
ninichaajeeure	16350
ninichaajeeuruhane	10900
ninichaajia	10900
niqui	1700439
niquicha	49051
niquichene	16350
nirihuru	10900
niriimiin	16350
Niriimiin	27250
niriinanai	27250
niriitiin	10900
nirijieein	305207
Nirijieeincha	10900
Nirijieeine	10900
nirijiein	10900
nirijijieein	10900
nirite	10900
niritiin	250705
Niritiin	795718
Niritiina	10900
Niritiinte	119902
Niritocuruha	49051
niritocuruhane	32700
Niritocuruhane	65401
niritoha	49051
Niritoha	310657
niritohane	32700
Niritohane	190754
nisinijerateein	10900
nisirihateein	16350
nisirihateeuruhane	10900
nisirihatenaa	16350
nisirihateneni	16350
nisirihatiha	16350
nita	59951
nitaje	147153
nitajeeichene	38150
nitajeein	16350
nitajeeriin	10900
nitajeeure	21800
nitajeeuruha	38150
nitajeeuruhane	49051
nitajelanaala	10900
nitajena	10900
nitajenaa	245255
nitajenaachara	245255
nitajenaacharanejeein	38150
nitajenaaneein	38150
nitajenacaauru	16350
nitajenereein	21800
nitajeniha	10900
nitajerai	76301
nitajereein	16350
nitajerichaain	10900
nitajerinaain	21800
nitajeriquicheein	21800
nitajia	10900
nitajiha	163503
nitajihane	65401
nitajihanune	10900
nitaro	16350
Nitoaneein	16350
Nitoaneeinte	10900
nitoanihane	10900
Nitoanihane	10900
nitohanai	348808
nitohanain	10900
nitohanaine	38150
nitohane	21800
nitohaneei	16350
nitohaneeichene	16350
Nitohaneeichene	49051
nitohaneein	1275329
Nitohaneein	4365550
Nitohaneeina	54501
Nitohaneeine	103552
Nitohaneeinna	27250
Nitohaneeinne	43601
Nitohaneeinte	1220828
Nitohaneeite	16350
Nitohaneeurite	10900
Nitohaneeuruhana	10900
nitohaneeuruhane	16350
Nitohaneeuruhane	59951
nitohanei	179854
Nitohanemiin	76301
Nitohanena	10900
nitohanerichaain	10900
Nitohanerichaaine	21800
nitohanerichaainene	16350
Nitohanerichaainne	10900
nitohaniha	119902
Nitohanihalu	27250
nitohanihana	21800
Nitohanihana	163503
nitohanihane	185304
Nitohanihane	1122725
Nitohanihanete	27250
nitohanihanune	10900
Nitohanihate	21800
nobaaeneein	10900
nobiri	21800
nobirine	10900
nocoa	27250
Nocoa	70851
nocoaain	16350
nocoala	49051
nocoalacuru	16350
nocoana	54501
nocoatijiaain	16350
nocoeein	10900
nocoeje	130803
nocoejechanuhin	10900
nocoejenaa	16350
nocoenaanaun	10900
nocoenacaauru	32700
nocoetelanaala	21800
nocoeti	27250
nocoetiin	228905
nocoetiinchuru	10900
nocoetocoichene	16350
nocoetocure	16350
nocoetocuruhane	27250
nocoetoeneriquiin	10900
nocoetohane	27250
nocoetohi	32700
nocoetohine	10900
nocoetona	10900
nocoetonacaauru	119902
nocoetonacaaurune	38150
nocoetonacaaurute	10900
nocohaca	10900
nocohalajiin	16350
nocohecane	43601
nocohejihane	21800
nocohena	158053
nocohenaana	16350
nocohenaanau	81751
nocohenaneein	27250
nocohetiin	10900
nocohin	16350
nocojoe	16350
nohane	92652
nohaneein	125352
nohanelanaala	136253
nohanelanaalane	10900
nohanenaa	27250
nohaniha	32700
nohanihache	10900
Nohe	21800
Nohene	27250
noi	10900
noinu	27250
noitecuruhane	10900
nojoeein	21800
nomeri	70851
nomerine	10900
noote	21800
nosa	174404
nota	463260
notaaca	59951
notaacane	16350
notaacune	10900
notaain	10900
notaara	32700
notaarate	10900
notaareei	10900
notajaain	76301
notajae	21800
notana	21800
notane	54501
notara	16350
notaracaae	327007
notaracaaecha	16350
notaracaaena	21800
notaracaaene	21800
notaracae	114452
notate	16350
notoroaain	21800
nucuaano	16350
nucuhe	163503
nucuhecuru	27250
nucuhene	10900
nuculocohin	10900
nujua	65401
nujuaae	49051
nujuaaen	16350
nujuae	119902
nujuaen	21800
nujuan	49051
nujuaneein	27250
nujuateein	27250
nuluno	16350
nuna	76301
nunaain	43601
nunaaine	10900
nunaane	16350
nunacuru	10900
nunaera	16350
nunaeraanu	10900
nunaeraneein	21800
nune	16350
nunecuru	21800
nunuhe	152603
nunuheca	21800
nunuheneein	65401
nunuheniha	10900
nunuhete	10900
nunuheteeichene	16350
nunuheteein	130803
nunuheteeinte	10900
nunuheteeure	10900
nunuhetejeeureraauru	10900
nunuheteraneein	16350
nunuhetiha	16350
nunuhetihane	21800
nunuhetihanune	10900
nuque	16350
nuquene	10900
nuricho	32700
nuseei	16350
o	163503
oaraacaain	21800
oaraanca	92652
oaraancaain	141703
oaraancai	59951
oaraancaneein	21800
oba	81751
obaaecache	10900
obaaecure	27250
obaecane	16350
obaje	16350
obajeein	196204
obajei	10900
obejeein	10900
obena	16350
obene	38150
obenecuru	10900
Oberi	21800
obiri	87202
oco	16350
ocoai	16350
ocoala	49051
ocoalane	16350
ocoana	223455
ocoananelanaala	10900
ococoe	59951
ococohin	32700
ocooca	21800
ocoocane	10900
ocoona	10900
ofa	65401
Ofa	697616
Ofaacha	27250
Ofana	16350
Ofane	43601
Ofate	21800
oha	261606
ohacaanune	38150
ohacachene	32700
ohacoaaure	21800
ohacoaaurelu	21800
ohacoaauruha	10900
ohacoae	10900
ohalu	103552
ohalune	43601
ohane	283406
ohanu	10900
ohanune	87202
oharaancaain	10900
oharaancai	10900
oharaancani	10900
ohe	174404
ohelanaala	10900
ohelu	65401
oheniha	10900
ohenihane	21800
ohichene	21800
ohin	332457
ohina	10900
ohine	21800
ojoa	59951
ojoaichu	38150
Olibo	32700
Oliboneein	38150
oma	16350
omane	43601
omari	43601
omariin	43601
omaroe	16350
omaroha	16350
omarohane	32700
omarohin	70851
omarona	16350
onaa	436010
onaalu	16350
onaanajaanu	10900
onaane	54501
onaaneein	10900
onacaauru	179854
onacaaurune	54501
onacaaurute	21800
Onesiforo	16350
Onesimo	21800
oo	354258
oore	43601
oorelu	32700
oorenereein	10900
ooreniha	16350
ooruha	54501
ooruhane	76301
oorureein	16350
oorurinaain	10900
ore	10900
orichaaine	10900
orichaaunine	10900
orihaain	10900
oriheiche	10900
oro	196204
orono	10900
osa	1771290
osaacha	27250
osaaocaachene	10900
osaaocane	32700
osaaocuruhane	54501
osaaona	38150
osaaonaaurune	10900
osaaonacaauru	70851
osaaonaneein	32700
Osaaotoha	10900
osaaotohanune	16350
osane	38150
osaonaauru	16350
osaonacaauru	21800
osaque	21800
osaquelanaala	10900
osaquiin	10900
osate	10900
Osiasi	16350
otiha	27250
Paanfilia	10900
Paanfiliau	21800
Pafosoo	21800
parabola	174404
Perejeu	16350
Pergamoo	16350
perla	38150
Pisidia	10900
plata	10900
plato	10900
Ponsio	10900
Poonto	16350
profeta	212554
profetacuru	250705
profetacuruhacha	16350
profetacurune	98102
profetana	10900
profetane	27250
profetaneein	16350
profetaniha	21800
profetate	21800
que	23708047
queecha	114452
quena	103552
quenacha	10900
quenara	10900
quene	555912
quera	81751
quere	327007
quesenetaain	21800
quesenetaaine	10900
Quesenetaaine	10900
quesenetaauche	16350
quesenetaeneeiche	16350
quesenetaera	32700
quesenetaerane	10900
Quesenetaerate	16350
queta	27250
quete	632214
quetejian	16350
qui	10900
quicha	365158
quichaauru	87202
quichaauruhacha	10900
quichane	16350
Quichaneein	10900
quichao	16350
quiha	54501
quihacache	10900
quihane	32700
quihanune	10900
quihuche	10900
quihure	27250
quihurera	10900
quihuruha	10900
quihuruhane	38150
quii	32700
quiicha	485061
quiichene	16350
quiichenera	27250
quiin	49051
quiine	21800
quiineeuri	10900
quiinelanaala	10900
quiineni	10900
quilanaala	27250
quinaa	59951
quinacai	38150
quiricha	719416
Quiricha	921071
quirichaauru	16350
quirichate	10900
quitara	21800
raa	267056
raacachene	21800
raaeninuru	16350
raafariin	16350
raaicha	38150
raaichelu	21800
raaichelune	10900
raaichene	38150
raain	730316
raainte	16350
raaje	130803
raajenihane	659465
raane	163503
raanete	16350
raansaa	10900
raanu	10900
raanune	27250
raaoriin	27250
raauche	38150
raauchera	16350
raaunlu	10900
raaure	76301
raaurelu	16350
raaurera	16350
raauri	32700
raauruha	27250
raauruhane	98102
raaurureein	16350
Raba	21800
Rabiri	343357
Rabiriicha	10900
Rabirine	49051
Raca	10900
rachoojihacache	10900
rachoojoe	32700
rachoojoeein	523212
Rachoojoeeinte	10900
rachoojoeeun	49051
rachoojoeeure	32700
rachoojoeeuruhane	10900
rachoojoenaa	27250
Raco	10900
rae	147153
raelanaala	49051
raelu	59951
raenihane	10900
raera	87202
raeraanu	10900
raeraneein	119902
raeranu	16350
raerate	87202
raerateein	27250
raerateeun	10900
raeratera	10900
rai	25375786
raicha	81751
raiichate	10900
raina	147153
raine	1144526
raineein	218005
raineeinte	10900
rainera	10900
rainete	16350
rainuhacha	10900
rainuhachaque	10900
raita	10900
raite	245255
ranaa	228905
ranajaa	16350
ranajaain	38150
ranajae	27250
ranojoi	32700
ranojoihunru	179854
ranojoihunrune	10900
ranojoin	10900
ranojoineein	321557
ranojoinunri	21800
ranojoinunru	147153
ranojoinuri	49051
ranojoinurilu	10900
ranojoinuru	16350
ranuna	190754
ranunaauru	16350
ranunacuru	43601
ranunacurute	21800
ranunane	43601
ranunate	16350
raoti	54501
raotiin	54501
raotojeein	21800
raotojoeein	2240001
raotojoeeincha	21800
raotojoeeine	32700
raotojoeeinte	10900
Raotojoeeinte	27250
raotojoei	38150
raotojoein	65401
raotono	365158
raotonoque	10900
rareein	54501
rarichaacheein	10900
rariquiche	10900
rariquicheein	10900
rariquicheeine	10900
raro	27250
ratiri	38150
ratirichate	16350
ratiriha	21800
ratirihacaanu	10900
ratirihane	21800
ratirihanune	16350
ratirihure	10900
ratirii	16350
ratiriin	354258
ratirilu	16350
ratirinajaain	43601
ratirinojoinereein	16350
rauhi	1248078
rauhicha	16350
rauhijiiriin	10900
rauhijiriicha	10900
rauhijiriin	3150172
rauhijiriina	16350
Rauhijiriina	16350
rauhijiriincha	10900
Rauhijiriincha	10900
rauhijiriine	125352
rauhijiriinte	190754
rauhina	16350
rauhine	245255
rauhite	38150
rauijiriin	10900
raujiaa	10900
raujiaain	256155
raujiaaincha	21800
Raujiaaincha	70851
Raujiaainchane	27250
Raujiaainchate	21800
raujiaeraujiajeein	10900
raurohin	27250
rausiaaeca	32700
rausiaaecane	10900
rausiaemiin	10900
rausiaenojoineein	16350
rausiaje	10900
rausiajeein	16350
rausiajeineein	10900
rautaa	70851
rautaacoae	16350
rautaai	32700
rautaain	283406
rautaaine	16350
rautaainene	10900
rautaana	10900
rautaane	125352
rautaanune	43601
rautaau	10900
rautaaurenihana	10900
rautaaurenihane	10900
rautaauruhane	38150
rautae	59951
rautaelanaala	21800
rautaene	10900
rautaeniha	10900
rautaenihacaanu	10900
rautaenihanune	10900
rautaera	16350
rautai	10900
rautana	27250
rautanaacane	10900
rautarichaainne	10900
rautasihurene	10900
rautatiin	114452
rautatohane	10900
rebe	49051
Rebeca	10900
rebecoonra	10900
rebeeona	16350
rebeeonacaauru	10900
rebeeoqui	10900
rebeeoquine	21800
recatoon	10900
rede	65401
redeeuru	43601
reein	65401
reeintiaain	109002
reeintiaaincha	10900
reeintiaaojoaain	16350
reen	16350
reentiaain	109002
reentiaaincha	16350
reentiaaojoaain	10900
rejoon	38150
relaa	343357
relaacaanu	27250
relaacaanune	114452
relaacachene	10900
relaacachenete	10900
relaacane	10900
relaai	21800
relaain	218005
relaaine	21800
relaalu	32700
relaane	174404
relaanete	10900
relaanulune	38150
relaanune	196204
relaau	38150
relaaun	16350
relaaunlu	16350
relaaure	43601
relaaurera	163503
relaaureraauru	234355
relaaurerane	10900
relaauri	10900
relaauruha	54501
relaauruhalune	27250
relaauruhane	87202
relae	168953
relaelanaala	21800
relaelu	10900
relaenihanune	16350
relaera	452360
relaeracuru	16350
relaerane	38150
relaeraneei	10900
relaeraneein	92652
relaeranihane	10900
relaeranu	10900
relaeranuurura	16350
relaerate	27250
relahacaanu	10900
relaineein	10900
relajeein	16350
relanaa	65401
relanajaa	27250
relanajaanune	16350
relanajaau	21800
relanajacoon	16350
relanajae	54501
relanojoineein	32700
relanojoinuru	10900
relareein	10900
relareeunni	16350
remaae	27250
remaaecuru	10900
renaatonorae	10900
rene	1896643
reneecha	10900
renena	10900
renene	16350
renete	10900
reretaain	76301
rerohariha	10900
rerohecaa	59951
rerohecaachete	10900
rerohecaain	147153
rerohecaaure	32700
rerohecaauruhane	21800
rerohecaera	16350
rerohecaeraauru	16350
rerohererojoeein	10900
rerohin	43601
Resaa	10900
retuhin	10900
rey	485061
reycha	10900
Reycha	16350
reychuru	76301
reychurune	16350
reychurute	21800
reycuru	10900
reyne	27250
reyneein	59951
riaaneein	38150
riaaneriquicheein	10900
riaaniha	10900
riajaain	10900
riajae	10900
riajaite	10900
riano	16350
riariaain	27250
rihoneein	10900
rijia	70851
rijiane	10900
rijieeoritiin	403309
rijieeoritiinne	16350
rijieeoritiinte	27250
rijihuru	32700
rijiicha	114452
rijiichaanu	10900
rijiichure	16350
rijiichuruha	10900
rijiichuruhane	10900
rijiijieein	70851
rijiijiein	10900
rijiinanaain	27250
rijijie	98102
rijijieei	10900
rijijieein	7897232
rijijieeina	81751
rijijieeincha	38150
rijijieeinchu	70851
rijijieeine	109002
rijijieeinechu	38150
rijijieeinne	38150
rijijieeinte	485061
rijijieeintechu	43601
rijijiei	54501
rijijiein	54501
rijijielanaala	21800
rijijijianeein	27250
rijijijianiha	10900
rijitiin	272506
rijitiinchuru	16350
rijitocojoaain	38150
rijitocojoai	10900
rijitocure	21800
rijitojoeein	441460
rijitojoeeine	10900
rijitojoeeinte	10900
rijitojoeeun	21800
rijiu	59951
roan	10900
Roboam	10900
rocoelanaala	10900
rocoerane	10900
rocoeranu	16350
rocoerateein	10900
rocoeratenajaain	10900
rocohane	10900
rocohi	21800
rocohin	277956
rocohitiin	16350
roconaa	10900
roconajaain	10900
rocooruha	16350
rocooruhane	16350
roe	16350
roha	21800
rohan	795718
rohirihuru	10900
Roma	168953
Romano	16350
Romanocuru	228905
Romanonihacachene	10900
romaromaain	10900
Romau	59951
rori	594063
rorihuru	27250
rorihurune	10900
rorine	16350
rucueraaunu	10900
rucuheca	114452
rucuhecaaun	10900
rucuhecaaunne	16350
rucuhecane	59951
rucuhecuche	16350
rucuhecure	32700
rucuhecuruha	21800
rucuhecuruhana	10900
rucuhecuruhane	81751
rucuhele	245255
rucuheleeuru	38150
rucuhena	54501
rucuhenaa	10900
rucuhenacai	32700
rucuhenacaine	16350
rucuhenohineein	10900
rucuhenojoineein	21800
rucuhequichene	16350
rucuhequine	21800
rucuhera	43601
rucuheraanu	21800
rucuheraaunu	10900
rucuheraneein	70851
rucuheranu	27250
rucuhereein	21800
rucujei	16350
rucujue	10900
rucujueein	114452
rucujuei	87202
rucujueihu	10900
rucujuihu	10900
ruhacaera	16350
ruhanihajaaintiin	10900
ruhecaain	16350
ruhin	21800
rujuaain	38150
rujuae	16350
rujuarujuariin	10900
ruluera	21800
ruluha	10900
ruluhane	21800
ruluhi	10900
ruluhin	103552
rului	21800
rulunaa	21800
rulunajaera	10900
rulureein	21800
runajaain	10900
rurujueein	16350
rutaain	27250
rutuhin	38150
ruurenihana	10900
saa	76301
saaecuru	10900
saain	752117
saaine	27250
saainte	10900
Saainte	21800
Saan	125352
Saantiaao	250705
saantoneein	49051
saatiin	10900
saatono	10900
sabactani	10900
sabere	196204
Saboloon	16350
sacari	141703
Sacariasi	98102
Sacariasine	10900
sacarine	27250
sacrificios	10900
sacue	27250
sacuelanaala	10900
sacuera	16350
sacueraneein	10900
sacuha	54501
sacuhacaanulu	10900
sacuhacachenete	10900
sacuhane	32700
sacuhichene	21800
sacuhin	43601
sacuhine	10900
sacui	10900
sacunaa	65401
sacureein	10900
sacureeunni	16350
sacuritaain	239805
sacutaain	365158
sacutaaincha	16350
sacutaainchuru	21800
sacutaainte	10900
sacuu	21800
sacuuche	27250
sacuure	43601
sacuurera	70851
sacuureraauru	32700
sacuureraaurune	10900
sacuuruha	21800
sacuuruhane	10900
Sadoco	10900
sadoseeocuru	92652
sadoseeocurune	21800
saerate	10900
saerateein	54501
saeratelanaala	32700
saeratihane	10900
safato	76301
Safira	10900
sai	21800
saijieein	1220828
saijieeine	21800
saijieeinna	10900
saijieeinte	114452
sainejeein	119902
sainejeeinte	27250
sajeein	65401
Sala	21800
Salaminau	16350
Salatieli	21800
Saleen	16350
salmo	27250
Salmo	27250
Salomee	10900
Salomoon	54501
Salomoonne	10900
Salomoonneein	16350
samaata	10900
Samaria	163503
Samoeri	10900
sanaa	16350
sanaachara	38150
sanaacharanejeein	38150
saneein	92652
saneeina	10900
santuario	98102
saoqui	158053
saoquichoonca	21800
saoquii	98102
saoquiin	16350
Saoquijieein	10900
saoquijiei	16350
Saoro	147153
Saorone	70851
Saoroneein	10900
saota	92652
saotachoonca	10900
saotaneein	21800
Saqueeo	27250
Sara	43601
Sarane	10900
sarasarari	21800
Sardisihu	10900
sareein	27250
sarotiaeniha	10900
sarotiareein	10900
sarue	21800
saruera	10900
sarueraanu	10900
sarueranu	10900
saruha	54501
saruhane	32700
saruhera	16350
saruhin	70851
sarunaa	27250
sarunajaelu	10900
saseredote	239805
saseredotecuru	523212
saseredotecuruhacha	16350
saseredotecurune	38150
saseredotecurute	10900
saseredotene	21800
saseredoteneein	32700
satiha	16350
satiin	5008665
satiincha	10900
satiine	21800
Satiinte	38150
satono	152603
satonoe	10900
satonoelanaala	359708
satonohelanaala	32700
satononejeein	16350
Satononejeein	16350
satononejeeine	10900
satononiha	81751
Satonoote	21800
sauhin	65401
Sebedeeo	65401
seecho	32700
seeojoan	16350
seeonjoa	32700
seeonjoan	32700
Selote	10900
Sem	10900
semana	27250
semanaa	16350
Semei	10900
Seoso	16350
seriin	65401
Seroo	10900
serori	59951
Sesareea	114452
Sesareeau	10900
setejiaain	16350
setejiariin	16350
Seti	10900
setu	10900
setuha	16350
setuhin	10900
setunaa	21800
shabeento	10900
shaquiin	16350
shojoera	49051
shojoeraacha	10900
sichaain	10900
Sidoon	70851
sie	10900
siheite	10900
siheitiin	21800
siichaain	10900
siijiariin	10900
sijitaain	10900
Silasi	119902
Silasine	10900
Silisia	38150
Silisiau	10900
Silohe	21800
Simeon	32700
Simeonne	16350
Simoon	397859
Simoonne	32700
Simoonneein	27250
sinaa	10900
Sinaai	10900
sinacoca	332457
sinacocaauru	10900
sinacocacuru	27250
sini	21800
siniha	21800
sinihane	10900
Sinihane	10900
sinihu	49051
sinihure	10900
sinihuruhane	21800
sinii	21800
siniicha	10900
siniichete	10900
siniitooruhane	10900
sinijera	81751
sinijeraaocane	10900
sinijeraauru	10900
sinijerane	27250
sinijeranelanaala	65401
sinijiera	98102
sinijieraaocane	10900
sinijieraaoquichene	10900
sinijieraquelanaala	10900
sinilanaala	27250
sininaa	16350
sininaja	10900
sininajaanu	21800
sinirena	10900
sinitoha	16350
Sioon	32700
siorarano	32700
Sirene	32700
siri	103552
Siria	38150
Siriau	16350
Siribano	21800
siricha	201654
sirichaache	16350
sirichaachene	10900
sirichaauru	92652
sirichaaurune	10900
sirichaneein	54501
siricheein	38150
siricheeincha	16350
siricho	16350
sirichure	27250
sirichurelu	10900
sirichurenihane	10900
sirichuruhane	38150
siriha	92652
sirihana	10900
sirihane	98102
sirihei	27250
sirii	414209
siriin	267056
siriina	10900
siriine	27250
siriite	10900
sirilanaala	98102
sirilanaalane	10900
sirilu	49051
sirina	43601
sirine	10900
sirineeichene	10900
sirinihane	10900
siriquiche	21800
siriquichene	21800
sisiaain	16350
sisihajeein	10900
sisiincho	21800
sisiinchooru	10900
sitaa	38150
sitaain	92652
sitaane	21800
sitaanu	10900
sitaau	10900
sitaauche	16350
sitaaure	10900
sitaauruhane	32700
sitaaute	10900
sitae	16350
sitanaa	38150
sitanajaa	10900
sitanajae	16350
situ	10900
situe	10900
situha	147153
situhane	27250
situhin	136253
situnaa	21800
situnacaauru	32700
siturihaacache	10900
situujiha	10900
situuruna	10900
so	16350
soaain	32700
soaihanete	16350
soaijiin	16350
soaisoaain	27250
Sodoma	49051
soera	21800
soha	32700
sohane	27250
Sohara	10900
sohi	16350
sohin	1095475
sohinte	16350
somajaain	32700
somajae	10900
somajai	43601
somajain	21800
somanerei	16350
somaraain	43601
somaratohanai	10900
sona	16350
sonaa	21800
sonaana	87202
sonafaajeein	16350
sonaina	16350
sonajaain	152603
sonajaaure	10900
sonajae	10900
sondaro	10900
sonojoin	16350
soo	65401
soodarooru	27250
soondaro	43601
soondarone	10900
soondarooru	403309
soondaroorune	10900
soore	16350
sooruha	10900
sooruhane	70851
soote	10900
soriin	21800
Sorobaberi	21800
soroe	16350
sorohin	49051
soronacaauru	10900
soroneein	98102
sorooche	10900
soroore	32700
sorooruha	10900
sorooruhane	27250
sorooruhine	16350
sorotiin	21800
Sosetenesi	10900
Suprema	21800
Supremacuru	21800
suraa	10900
suri	158053
suruaa	49051
suruaain	10900
sururucure	16350
sururucuruha	10900
sururucuruhane	10900
suujua	4507254
suujuaacha	27250
suujuaau	16350
suujuane	163503
suujuaniha	10900
suujuaquiin	21800
suujuate	43601
suujuateein	190754
suujuateeu	16350
suujuateeure	21800
suujuatenaa	38150
suujuatenajaain	16350
suujuatenajaane	10900
suujuatenajae	21800
suujuatenojoineein	10900
suujuatera	10900
suujuateraannu	10900
suujuateraanu	21800
suujuatereein	10900
suujuatiha	87202
suujuatihane	21800
suujuau	109002
suujuaune	10900
suujue	506861
Suujue	1035523
suujuecoha	10900
Suujueecha	10900
suujuelanaala	59951
Suujuena	21800
suujuene	76301
Suujuene	354258
suujueneein	59951
Suujuenete	21800
suujueniha	103552
suujuequiin	103552
suujuete	32700
Suujuete	59951
suujui	16350
suuri	10900
ta	10900
Ta	54501
taa	185304
taain	21800
taaojiaaichene	10900
Taate	10900
taba	54501
tabaacoaa	16350
tabaain	59951
tabaanaain	10900
tabaauru	1024623
tabaaurune	125352
tabaaurute	277956
tabai	713966
tabaihuri	10900
tabaine	70851
tabaineein	10900
tabanaane	10900
tabanejei	10900
tabaque	16350
tabara	32700
taberenacolo	10900
Taberenacolo	16350
tabiicha	49051
Tabita	16350
tacaa	92652
tacaain	446910
tacaainechu	10900
tacaainte	10900
tacaajeein	21800
tacaane	16350
tacaaure	54501
tacae	10900
tacanaa	16350
Tadeeo	10900
taeneein	21800
taibinaecuru	10900
taicheein	10900
taihure	10900
taihuri	10900
tainaca	32700
tajaae	27250
tajaaecuru	76301
tajia	10900
Tajian	27250
tajiha	163503
Tajihate	10900
tana	38150
Tana	408759
tano	10900
tanone	10900
taojiaa	16350
taojiaaichelu	10900
taojiaaichene	21800
taojiaain	310657
taojiaaure	76301
taojiaauri	10900
taojiaauruha	54501
taojiaauruhana	59951
taojiaauruhane	21800
taojiaauruna	16350
taojiae	10900
taojiaera	10900
taojiaeraauru	38150
taojiai	54501
taojiana	27250
taojiananaja	27250
taojieraauru	10900
taolu	87202
tararaain	43601
tararaeraain	10900
tararanajaain	10900
tarataracaain	10900
Tare	10900
Taroso	10900
Tarosoo	10900
tasionjoaain	21800
tatuhin	27250
taturiin	16350
taute	10900
Taute	21800
te	583163
tebe	10900
tebene	10900
teberiaain	43601
techu	2180050
tee	59951
teecoha	10900
teei	27250
teeiche	32700
teeichene	76301
teein	2027446
teeine	92652
teeinene	10900
teeinne	16350
teeinte	65401
teeinti	664915
teejia	21800
teejiha	32700
Teenforo	735766
Teenforone	27250
teeni	119902
teenihuru	10900
teenu	70851
Teeorotorosi	16350
teeu	43601
teeuche	114452
teeuchera	10900
teeuchete	16350
teeun	43601
teeure	250705
teeurera	27250
teeuri	65401
teeuruha	92652
teeuruhalune	10900
teeuruhana	16350
teeuruhane	332457
teeuruhine	16350
teeurureein	21800
teeute	21800
tei	545012
teilu	10900
teine	10900
teineein	21800
teite	16350
tejian	76301
telanaala	43601
telanaalate	16350
telu	114452
temetaain	10900
temueraeniha	10900
temuha	16350
temuhera	10900
temuherate	10900
temuhin	59951
temule	261606
temulecuru	32700
temulene	32700
temunojoi	10900
temunojoin	16350
temunojoineein	21800
temura	21800
temuracuru	10900
temuraneein	10900
temurate	10900
temurau	16350
tenaa	408759
tenajaa	10900
tenajaain	32700
tenajaane	10900
tenajaanune	27250
tenajaauruhane	16350
tenajae	16350
teneeiche	10900
teneeichene	10900
tenelu	21800
tenihun	10900
tenojohin	16350
tenojoi	245255
tenojoihunru	10900
tenojoihuru	16350
tenojoin	218005
tenojoine	21800
tenojoineein	130803
tenojoinelanaala	10900
tenojoinereein	16350
tenojoiniha	10900
tenojoinihane	16350
tenojoite	10900
Teofilo	10900
tera	381508
teraa	27250
teraanu	10900
teraaunu	10900
terane	21800
teraneein	174404
teranihane	27250
teranu	27250
terate	38150
terateein	21800
teratei	21800
teratenojoineein	10900
teratiha	27250
tere	10900
tereein	190754
tereeuni	21800
tereeunni	65401
terei	16350
terejetocoichelura	10900
terichaain	32700
terichaaine	16350
teriha	10900
teriquiche	10900
teriquicheein	16350
tero	10900
teruhin	10900
Tesaloneca	16350
Tesalonecau	43601
teteriin	59951
tiaain	277956
tiaaine	16350
tiaainte	10900
tiaajeein	27250
tiaan	16350
tiaaojoaain	185304
tiaojoaain	10900
Tiatira	10900
Tiatirau	10900
tiha	452360
tihacaanune	16350
tihacachene	10900
tihache	10900
tihacoaain	10900
tihajeein	10900
tihalu	32700
tihalune	21800
tihana	10900
tihane	784818
tihanu	32700
tihanune	70851
tiheei	16350
tiheeiche	10900
tihei	16350
tijia	316107
tijiane	10900
tijichaain	43601
tijileneein	10900
tijirii	10900
timoon	16350
Timoteeo	136253
Timoteeocurune	10900
Timoteeone	10900
tinonocoritiin	10900
tinonohin	10900
tinonoritiin	27250
tinonoritiinte	10900
tionoritiin	16350
Tiquico	10900
Tiquicote	10900
tirichotiin	10900
tirico	87202
tiricone	16350
Tiro	76301
Tito	76301
Titone	10900
tocharaain	10900
tocoaneein	27250
tocoeecoha	10900
tocoeeque	10900
tocohanai	21800
tocohane	65401
tocohaneei	16350
tocohaneein	1013723
tocohaneeine	10900
tocohaneeinte	65401
tocohanei	21800
tocohanelanaala	10900
tocohanihane	10900
tocojoaain	27250
tocorijiane	16350
tocorijianeein	32700
Tomasi	59951
Tomasine	16350
Tomasite	10900
tomiho	27250
Tonaa	21800
Tonaai	38150
tonaain	332457
tonaane	10900
Tonacuruha	16350
tonaelanaala	10900
tonajeein	16350
tonajelanaala	196204
tonajeneeun	10900
Tonaquiche	49051
Tonarihacache	10900
toni	109002
toniha	125352
tonihane	21800
tonii	43601
toniin	81751
toniine	10900
tonijiaain	272506
tonijiain	10900
tonohana	27250
tonohanau	92652
tonohanaute	10900
tonoraa	179854
tonoraacaanu	21800
tonoraacaanune	27250
tonoraacachene	49051
tonoraacachenete	27250
tonoraai	16350
tonoraaiche	21800
tonoraaichene	54501
tonoraaichenete	16350
tonoraain	1515134
tonoraaine	21800
tonoraane	59951
tonoraanune	32700
tonoraau	16350
tonoraauche	43601
tonoraauchera	10900
tonoraaun	27250
tonoraaure	65401
tonoraaurene	21800
tonoraaurenihane	32700
tonoraaurera	32700
tonoraauruha	76301
tonoraauruhane	98102
tonoraauruhi	27250
tonoraauruhine	16350
tonoraauruhite	10900
tonoracaanune	10900
tonoracurenihane	10900
tonoracuruhane	10900
tonorae	316107
tonoraelanaala	376058
tonoraene	27250
tonoraeneeiche	10900
tonoraeneeichene	16350
tonoraenereein	10900
tonoraeniha	38150
tonoraenihacachenete	10900
tonoraenihane	49051
tonoraera	152603
tonoraeraauru	179854
tonoraeraaurune	16350
tonoraeraaurute	10900
tonoraeraneein	59951
tonoraerate	27250
tonorai	16350
tonorain	16350
tonorana	294306
tonoranaaca	16350
tonoranajae	16350
tonorauruhane	10900
toon	54501
toritiin	16350
toro	43601
Toroasi	10900
Toroasihu	21800
Torofimo	16350
toroonfeta	81751
toroonjoan	27250
toteein	21800
toteeuruha	16350
toteeuruhane	10900
totiha	43601
tribonal	32700
trono	125352
tucuacaain	10900
turiin	16350
turijieein	21800
turijieeincha	10900
turu	65401
turuaa	65401
turuaain	65401
turuaauruhane	32700
turuaelu	10900
turuaera	10900
turuaeraneein	27250
turuanaa	10900
turuanacanejeein	10900
turuanajaain	16350
turue	87202
turuelalajeein	10900
turuelanaala	21800
turuelu	10900
turueniha	54501
turuenihacaanune	10900
turuenihane	27250
turuera	10900
turuha	1547835
turuhaain	10900
turuhaaun	16350
turuhacaanu	43601
turuhacaanune	92652
turuhacaanunete	10900
turuhacoaain	38150
turuhacoaaure	16350
turuhacoaauruha	16350
turuhajeeuruha	10900
turuhalu	32700
turuhane	495961
turuhanereein	27250
turuhanereen	10900
turuhanu	21800
turuhanune	239805
turuhe	32700
turuhelalajeein	21800
turuhelalajiha	16350
turuhelalajihane	10900
turuhelu	32700
turuheneni	10900
turuhichene	92652
turuhin	1635037
turuhine	81751
turuhinna	10900
turuhinne	54501
turuhinte	81751
turuna	10900
turunaa	256155
turunacaauru	103552
turunacaaurune	21800
turunaja	21800
turunajaanu	32700
turureein	49051
turureeunni	21800
tururichaacheein	10900
tururichaain	32700
tururichaaunine	21800
turuun	49051
turuunlu	10900
turuure	87202
turuurenerichaaine	10900
turuureniha	10900
turuuruha	147153
turuuruhane	130803
turuuruhine	16350
turuuruna	10900
turuurureein	16350
turuururinaain	10900
ucuaae	38150
ucuaano	10900
ucuaatiin	10900
ucuacaain	43601
ucuae	38150
ucuaetoha	27250
ucuha	54501
ucuhaneein	10900
ucuhe	114452
ucuhecuru	38150
ucuhecurute	16350
ucuheneein	49051
ucuun	49051
ucuuneein	21800
ucuuneti	10900
ucuunetiin	10900
ucuunno	92652
ucuuno	207104
ucuunooru	16350
udaa	32700
uha	403309
uhaa	10900
uhaacoaain	10900
uhaaichene	10900
uhaain	141703
uhaau	16350
uhaauche	16350
uhaaun	27250
uhaauri	10900
uhacaanu	43601
uhacaanune	10900
uhacoaain	10900
uhai	10900
uhajeein	10900
uhalu	21800
uhalune	10900
uhana	10900
uhanajaauche	10900
uhane	130803
uhanu	27250
uhanune	125352
uhanunena	16350
uhauche	10900
uhe	430559
uhelu	16350
uhene	27250
uheneni	16350
uhenenu	21800
uheni	27250
uheniha	21800
uhenihanune	10900
uhenite	10900
uhera	54501
uherane	10900
uhi	21800
uhicha	16350
uhiche	21800
uhin	343357
uhine	32700
uhinte	16350
ujuaae	70851
ujuaaete	10900
ujuae	87202
ujuaiho	10900
ujuaihoneein	218005
ujuaihonelanaala	103552
ujuaiteein	10900
ujuaitena	10900
ujuanecuru	10900
ujuarine	16350
ujui	27250
ujuite	10900
unaa	261606
unaaneein	43601
unaate	16350
unacaauru	174404
unacaaurute	10900
unene	10900
ureein	136253
ureeincha	10900
ureeunni	76301
urerianohineein	10900
urichaain	54501
urichaaunni	27250
uricho	92652
urichoelanaala	10900
urichonacaauru	16350
urichoo	76301
urichosae	10900
usi	463260
usihanau	32700
usine	16350
utoone	27250
utuune	10900
uu	32700
uuchera	10900
uujiha	21800
uujoaain	10900
uujue	10900
uujueein	16350
uujuirii	16350
uun	54501
uune	59951
uunlu	16350
uunra	16350
uure	201654
uurihuru	10900
uuruha	16350
uuruhane	43601
uurureein	21800
uute	16350
