
# SPDX-License-Identifier: Unicode-DFS-2016
# Corpus-Size: 683429

a'äkë	17558
a'ijxën	2926
a'ijxp	10242
a'ixy	2926
a'oy	5852
a'oy'äämpyë	17558
a'oypyë	20484
a'oytsyow	114130
a'oytsyowpë	14632
a'ukën	90719
a'ukënën	5852
a'ukënëty	2926
a'ukënjoty	7316
a'ux	27800
Aa	2926
aak	1098870
aak'ëjts	11705
aak'oy	90719
aakjä'ä	71697
aakjam	57065
aakjëtu'un	100961
aakmëët	99498
aakmijts	21948
aakpujxn	4389
aaktam	49749
aakyë'ë	384824
Aamëk	2926
äämjyot	2926
äämjyoty	4389
aanë'ëk	83402
aank	17558
aankën	20484
aankjoty	20484
aanp	2926
aanpëjkpën	4389
aany	2926
Aarón	503344
Aaronkën	10242
aats	14632
aatsën	5852
aaw	1155935
aaw'ajtp	5852
aawën	16095
aawjoty	17558
aawkëjxm	2926
aay	288252
aayjëyujk	67307
aayjoty	24874
aayjyot	7316
aayjyotm	11705
aaykyëta'ak	7316
aaykyëta'akën	8779
aaypyajk	96571
aaytsya'am	2926
aaytyë'ëts	4389
aaytyëëm	38043
aaytyëjk	4389
abarim	4389
Abarim	7316
Abdá	2926
Abdí	7316
Abdías	29264
Abdón	13168
Abed	10242
Abel	35117
Abí	2926
Abiam	30727
Abías	19021
Abiatar	40969
Abib	7316
Abidá	2926
Abidán	5852
Abiel	4389
Abiézer	7316
Abigail	27800
Abihail	8779
Abihú	17558
Abihud	4389
Abimael	2926
Abimélec	100961
Abimelekën	2926
Abinadab	14632
Abinóam	4389
Abiram	16095
Abisag	8779
Abisai	38043
Abisúa	7316
Abisur	2926
Abital	2926
Abner	86329
Abraham	414088
Abrahamën	10242
Abrahamës	2926
Abram	92182
Abroná	2926
Absalón	141931
Absalonkën	2926
acacië	35117
Acán	16095
Acaya	14632
Acaz	35117
Acbor	8779
aceitunas	4389
Acor	7316
Acrabim	4389
Acsa	7316
Acsaf	4389
Acub	11705
Aczib	5852
Ada	11705
adad	38043
Adaías	13168
Adán	29264
adar	4389
Adar	17558
Adbeel	4389
Adiel	4389
Adín	5852
Adlai	2926
Admá	7316
Adná	5852
Adón	2926
Adonías	46822
Adonicam	4389
Adoniram	2926
Adonisédec	5852
Adoram	8779
Adramélec	4389
Adriel	2926
Adulam	16095
Adumim	2926
Afec	11705
Agabo	2926
Agag	13168
Agar	46822
Agripa	19021
Agur	2926
Ahab	147784
Ahavá	4389
Ahaz	21948
Ahiam	2926
Ahías	32190
Ahicam	14632
Ahiézer	7316
Ahilut	7316
Ahimaas	26337
Ahiman	4389
Ahimélec	21948
Ahimot	2926
Ahinóam	10242
Ahio	7316
Ahirá	5852
Ahisamac	4389
Ahitófel	30727
Ahitub	19021
Ahiud	2926
Ahlai	2926
ahohitë	7316
Aí	51212
Aiá	7316
Aialón	14632
Aín	4389
ajajëntuuy	4389
ajajk	13168
ajajp	21948
ajajpën	4389
ajawë	29264
ajawëpë	20484
ajë	83402
ajë'kxënjoty	4389
ajë'tk	2926
ajin	2926
ajinën	10242
äjkëp	2926
ajkx	46822
ajo'kn	4389
ajojkp	13168
ajoot'an	4389
ajotkumonë	179974
ajotkumonës	2926
Ajotkumonës	4389
ajtëm	2926
ajtëtëp	2926
ajtëtëpën	4389
äjtsën	7316
äjtsk	2926
äjtspë	14632
äjtstëp	2926
ajuuky	8779
ajuukyë	10242
ajuupy	4389
ajuupyë	4389
ajuupyëtëjk	2926
ajuupyëtëjkëty	8779
ajuuy	26337
ajuytyë	2926
ak	32190
aka'ak	2926
aka'any	7316
aka'any'äämpy	7316
aka'anytsyow	5852
akaj	8779
akajën	2926
akajpxpë	4389
akajpxtuky	2926
akäjpxy	27800
äkë	40969
akë'ë	5852
akë'ëpujën	2926
akë'ëy	20484
akë'ëyës	2926
akë'ëypyë	11705
akëëytyuk	19021
akëëytyukën	4389
akëjxm	102424
akëjxmajtën	4389
akëjxmëpë	5852
akën	2926
akëpäjky	4389
akëtä'äky	13168
akëxë'këp	2926
akëxë'këpën	4389
akiink	2926
akijpxnajxpë	2926
ako'onën	193143
ako'onën'ajtpën	8779
ako'onën'atëp	2926
ako'onën'atëpën	4389
ako'onënën	2926
ako'onënëty	4389
ako'owë	42433
ako'owës	2926
akojtukpyë	4389
akoots	11705
akootspë	2926
akootstum	11705
akootstuuy	58528
akootstuuypyë	2926
akootstuuypyën	5852
aktsa'ak	13168
akujk	399456
akujk'ajt	13168
akujkajtën	14632
akujkpë	4389
akujktëjk	16095
akujktëjkën	16095
akujky	39506
álamo	2926
Alejandría	5852
Alejandro	10242
Alémet	5852
Alfeo	7316
almendrë	10242
Almodad	2926
Almón	4389
áloe	5852
Alus	2926
Alva	2926
Alván	2926
amaayjoty	5852
amaj	2926
amäjtsk	10242
Amalec	70234
Amán	79013
Amarías	24874
Amasá	23411
Amasai	10242
Amasías	67307
amay	67307
amë'pxy	8779
ame'tsyë	46822
amëj	108277
amëj'ajt	4389
amëjaaw	42433
amëjaawës	2926
amëk	119983
amëtoow	2926
Amëtoowkës	5852
amëtoowpyën	2926
amëtow	5852
Amëtow	5852
amëtowëty	2926
amëtowtë	29264
amëtoy	7316
amëtoyës	2926
amëxan	5852
Amiel	7316
Aminadab	24874
Amisadai	5852
Amitai	2926
Amiud	13168
Amnón	39506
Amoc	2926
Amón	207775
amonyë	114130
amonyës	8779
Amor	128762
Amós	24874
Amrafel	2926
Amram	23411
Amsí	4389
amu'ukyë	7316
amutsk	11705
amutskës	4389
Amuumtu'ukjot	5852
amuup	7316
Aná	46822
Anab	2926
Anac	23411
anajny	11705
anajny'äämpyë	2926
anajnytsyow	62918
anajnytsyow'äämpy	2926
anajnytsyowpë	8779
anajnytsyowpën	2926
anajx	2926
Ananías	36580
Anás	5852
anat	2926
Anat	2926
Anatot	27800
Andrés	19021
anë'ëk	30727
anëkëjxmtsow	103887
anëkëjxmtsowën	2926
anëkëjxmtsowpë	14632
anëkëjxy'äämpy	8779
anëkëjxytsyow	65844
anëkëjxytsyowën	4389
anëkëjxytsyowpë	39506
anëkëxmtsow	8779
anëmë	8779
Aner	4389
anklëstëjk	36580
anklëstëjkëty	5852
anklëstëjkëtyën	2926
anpë	7316
anta'akëty	2926
antakën	17558
antakp	7316
antakpën	10242
antaktëp	10242
antaktëpën	7316
Antioquía	33653
antuuy	4389
anyën	80476
apa'tkë'ëmtsow	7316
apa'tkë'ëytsyow	2926
apaatë	7316
Apaim	2926
apajk	2926
apak	11705
apatk	2926
apëjk	90719
apëjkën	58528
apëjkënën	10242
apëjkënjoty	10242
apëjkëtyëpën	2926
apëtijtwä'kxypyë	2926
apëtity	5852
apëtsëmy	111203
api'its	11705
apity	10242
äpk	5852
äpkën	13168
apmëtyä'äky	5852
äpny	42433
äpnyën	7316
äpnyjoty	2926
äpnyjyot	8779
äpnykyepy	5852
apojtsë'ëkyën	2926
Apolo	23411
aptëjk	23411
apu'u	2926
apu'uyën	2926
apu'uyëp	5852
apu'uyëtë	2926
Aquila	11705
Aquim	2926
Aquis	30727
Ar	8779
Ará	11705
arabá	2926
Arabá	13168
árabe	4389
Árabe	7316
Arabië	13168
Arad	7316
aram	33653
arameë	11705
Arán	2926
Ararat	4389
Arat	2926
Arauná	8779
arbá	11705
Arbad	4389
Ard	2926
Arelí	2926
Areópago	4389
Arfad	4389
Arfaxad	13168
Argob	5852
Ariel	10242
Arimatea	5852
Arioc	7316
Aristarco	7316
Arnón	35117
Aroer	23411
Arpad	4389
Arquipo	2926
Arquit	2926
arquitë	2926
Artajerjes	30727
Artemisa	8779
Arumá	2926
Arvad	5852
Asá	80476
Asael	23411
Asaf	40969
Asaías	8779
Asalías	2926
Asán	5852
Asbel	4389
Ascalón	17558
Asdod	29264
Asenat	5852
Aser	61454
Aserá	38043
Ashur	2926
Asia	29264
Asir	7316
Asiria	228260
Asmón	4389
Asná	4389
Aso	2926
Asquenaz	4389
Asriel	4389
Astarot	11705
Astarté	16095
Asuán	2926
Asuero	67307
Asur	7316
Atai	5852
Atalía	24874
Atalías	2926
Atarot	10242
atë'kxk	10242
atë'kxp	14632
atë'kxpën	8779
atëëp	4389
atëëytyuk	16095
atëj	7316
atëjkëtyëpën	2926
atëjy	7316
atëkoy	2926
atënaayë'ëk	7316
Atenas	10242
Ater	7316
ato'k	2926
ato'kp	4389
ato'kpë	14632
ato'kpën	4389
ato'kpëtëjk	2926
ato'kpëtëjkëty	2926
ato'ktëpën	7316
ato'onën	29264
ato'oyën	7316
atojkxën	2926
atoonëp	2926
atoonk	2926
atoonpës	4389
atsaaymyujktëpën	2926
atsë'ëk	49749
atsë'ëkëtuuy	10242
atsi'it	2926
atsip	90719
atsipë	4389
atsipën	2926
atsojkën	17558
atsojkëty	2926
atsojkpën	5852
atsoktë	2926
atsoky	2926
atsumy	5852
atu'kpajk	2926
atu'uk	76086
atu'ukës	2926
atu'um	4389
atu'unën	87792
atu'unënyën	2926
Avá	2926
avén	11705
Avít	2926
awiity	32190
awin'ëënë	7316
awinax	275083
awinaxën	8779
awinaxwintum	2926
awinaxy	17558
awinm	13168
awinmtsow	46822
awojpmujk	2926
axaatsy	16095
axaatsyën	4389
axaatsypë	2926
axeeny	4389
axëëw	2926
axit	45359
axuuymyukyën	2926
Ay	4389
ayä'äptexy	2926
ayääkë	115593
ayääkën	17558
ayajk	203386
ayajkën'ajtp	10242
ayajkën'at	7316
ayaxp	13168
ayenyën	7316
ayenypë	2926
ayi'iyë	16095
ayu'utsy	35117
ayu'utsyë	2926
ayuk	1255433
ayuk'äämpy	4389
ayuk'ajtp	5852
ayukën	8779
ayukës	17558
ayukkajpxwa'kxpë	10242
ayuu	21948
ayuu'ajtëp	2926
Azarel	8779
Azarías	74623
Azazel	5852
Azazías	4389
Azecá	8779
Azel	8779
Azgad	5852
azmávet	2926
Azmávet	10242
Azor	2926
Azricam	8779
Azriel	4389
Azubá	5852
azufre	10242
Azur	4389
baal	10242
Baal	181438
Baalá	8779
Baalat	7316
Baaná	16095
Baasá	38043
Baaseías	2926
Babel	2926
Babilonyë	446278
Bacbuc	2926
Bacbuquías	4389
Bahurim	11705
Balaam	108277
Balaamën	2926
Balac	61454
baladán	2926
Baladán	2926
bálsamo	2926
Bamot	4389
Barac	23411
Barcos	2926
barnea	14632
Barrabás	16095
Barsabás	2926
Bartimeo	2926
Bartolomé	5852
Baruc	43896
Barzilai	17558
Basá	4389
Basán	74623
Basemat	10242
Baslut	2926
Bat	2926
Bebai	8779
Bedad	2926
Beelzebú	2926
Beer	4389
Beerá	4389
Beerí	2926
Beerot	14632
Beerseba	46822
Bel	4389
Belá	23411
Belén	77550
Belsasar	11705
Beltsasar	8779
Ben	76086
Benaías	64381
Bene	2926
Benjamín	253135
Benjamínkës	4389
Beor	17558
Béquer	7316
Beracá	2926
Berea	7316
Béred	2926
Berenice	4389
Berequías	19021
Beriá	19021
berit	5852
Bernabé	77550
Besai	7316
Besalel	30727
Béser	7316
bet	7316
Bet	175585
Betania	20484
Betel	108277
Betfagé	2926
Betsabé	27800
Betsaida	8779
Betuel	17558
Bicri	5852
Bigtán	2926
Bigvai	8779
Bildad	2926
Bilgá	4389
Bilhá	16095
Bilhán	5852
Bilsán	2926
Biná	2926
Binuy	17558
Bitinia	2926
Blasto	2926
Bóaz	2926
Bocrú	2926
Bohan	2926
Booz	64381
Boquim	2926
Boscat	2926
boset	26337
bóset	30727
Bosrá	5852
boznai	5852
Buní	4389
Buquías	2926
Buz	5852
Cabseel	4389
Cabul	2926
Cademot	5852
cades	2926
Cades	14632
Cadés	24874
Cadmiel	11705
Cafto	2926
Caifás	14632
caín	2926
Caín	30727
Cainán	11705
Cainkën	2926
Calcol	2926
caldeo	36580
Caldeo	77550
Caleb	54138
Calné	2926
Cam	20484
Caná	10242
Canaán	245819
canelë	4389
Capadocia	2926
Capernaúm	23411
Capernaumëtë	2926
Caréah	10242
Carmel	39506
Carmí	11705
Carquemis	5852
Casifiá	2926
Caslu	2926
cebadë	24874
Cedar	4389
Cedes	4389
Cedrón	13168
Cefas	2926
Celote	2926
Cenaz	10242
centeno	2926
cera	7316
cerë	7316
César	16095
Cesarea	29264
Ceturá	5852
Chipre	19021
Cilicia	14632
Cineret	2926
ciprés	5852
Cirenë	13168
Ciro	35117
Claudio	4389
Cleofas	2926
Colaías	2926
Colhoze	2926
cominë	5852
Conanías	4389
Corazín	2926
Coré	59991
Corinto	19021
Cornelio	20484
Cos	10242
Cozbí	2926
Creta	16095
Crispo	2926
Cus	11705
Cusan	4389
Cusi	4389
Cuta	2926
Daberat	4389
dagón	2926
Dagón	11705
Dalila	26337
Damasco	7316
Damaskë	76086
damim	2926
Dan	109740
Daniel	115593
Darcón	2926
Darío	36580
Datán	14632
David	1564171
Davidjën	13168
Debir	20484
Débora	20484
Decápolis	4389
Dedán	16095
Delaías	10242
Demas	4389
Demetrio	7316
denario	13168
Derbe	5852
diblataim	4389
Dibón	16095
Diclá	2926
Dimná	8779
Dimoná	2926
Dina	23411
Dinhabá	2926
Disán	7316
Disón	8779
Dodó	7316
Doeg	10242
Dofcá	2926
Dor	8779
Dorcas	5852
Dotán	5852
Dumá	4389
e	2227005
E	4047238
ë'ëmpë	5852
ë'ënën	5852
ë'ënëtëpën	2926
ë'ëntëpën	4389
e'kxy	2926
ë'tspë	2926
Ebal	10242
Ébed	2926
Eben	4389
Éber	30727
Ébet	7316
Ebiasaf	7316
Ebiézer	4389
Ecrón	32190
Edar	4389
edén	4389
Edén	17558
edom	27800
Edom	178511
Edomën	2926
Edrei	11705
ëëp	7316
ëëpë	43896
ëëpëtëjk	2926
ëëpëtëjkëty	8779
ëëpëty	4389
eets	2926
ëëts	737457
ëëts'ajtëm	2926
Ëëts'ajtëm	11705
ëëts'ajtëmë	65844
ëëtsajtëm	213628
ëëtsajtëmë	8779
ëëtsajtëmën	92182
eetsës	4389
ëëtsëty	501880
ëëtsëtyën	79013
ëëtskyëjxm	4389
ëëtskyëjxmëty	2926
ëëwij	16095
ëëwpäjn	7316
ëëwpë	16095
ëëwtak	4389
ëëwtëp	4389
ëëwtëpën	14632
Efa	5852
Efer	5852
Éfeso	30727
Eflal	2926
efod	13168
Efraín	264840
Efrainkën	4389
Efrata	14632
Efrates	2926
Efrón	16095
Egiptë	1100333
Egiptëpë	5852
Eglá	2926
Eglat	2926
Eglón	27800
Eglónkën	2926
Ehud	21948
ëjts	4669102
ËJTS'AJTPËN	2926
ëjtsë	11705
ëjtsën	289715
ëjtsënë	5852
ëjtsës	48285
ëjtskyëjxm	45359
ëjtsnë	4389
ëjtsnëm	2926
Ëjtspaat	2926
ëjtsyë	2926
Ëjtsyë	16095
ëjx	19021
ëjxën	4389
ejxtëm	5852
Ejxtëm	5852
ëk	7316
Ëk	7316
ëk'ix	10242
Ëk'ix	90719
ëk'ixtë	4389
Ëk'ixtë	29264
ëka'any	220944
ëka'anypë	5852
ëkë	1463209
ëkë'ëm	48285
ëkë'ëy	19021
ëkë'ëypyë	4389
ëkë'p	27800
ëkja'amyätstë	2926
ëkma'aypyëtë'ëk	5852
ëkmayëtëp	20484
ëkmëmay	10242
ëkmëmayëtëp	2926
ëkmëtaj	4389
ëkmëtajtë	5852
Ëkmëtoow'itë	2926
Ëkmëtow	4389
ëkpëtë'ëk	4389
ëktun	2926
ëkwij	4389
ëkwinmay	2926
ëkwintajtë	2926
el	4389
El	5852
Elá	27800
Elád	11705
Elalé	7316
Elam	2926
Elám	40969
Elasá	7316
Elásar	2926
Elcana	35117
Eldaá	2926
Eldad	2926
Eleazar	106814
Eleazarën	2926
elefantë	10242
Elhanán	5852
Eli	55601
Elí	2926
Eliab	27800
Eliadá	2926
Eliadë	7316
Eliahbá	2926
Eliam	2926
Eliaquim	20484
Elías	174121
Eliasaf	7316
Eliasib	24874
Eliel	14632
Eliézer	23411
Elifaz	17558
Elifelehu	2926
Elifélet	11705
Elihú	10242
Elim	7316
Elimélec	11705
Elioenai	14632
Elisá	4389
Elisafan	2926
Elisamá	23411
Elisejë	203386
Elisúa	2926
Elisur	5852
Eliud	2926
Elnatán	10242
Eloí	2926
Elón	11705
Elpaal	4389
Eltequé	2926
Eltolad	2926
Elzabad	2926
ëma'atjot	2926
ëmaay	59991
ëmaayën	8779
ëmaayëtyën	5852
ëmaaypyë	5852
ëmaaypyën	4389
ëmaaytyëkot	2926
ëmaaytyëkotën	2926
ëmaayxyëëw	98035
ëmaayxyëëwën	8779
Ëmaayxyëëwjoty	2926
Emanuel	4389
emitas	4389
ëmu'ukyë	21948
ëmuum	2926
ëmuumnëm	4389
ëmuumtu'uk	4389
ëmuumtu'ukjot	86329
En	30727
ënä'äm	7316
ënä'ämaanpën	4389
ënä'ämantëp	2926
ënä'ämën	686245
ënä'ämën'ajtp	13168
ënä'ämënën	13168
ënä'ämënës	2926
ënä'ämënjoty	2926
ënä'ämënpa'tkë'ëm	2926
ënä'ämëpën	13168
ënä'ämëtëp	2926
ënä'ämëtëpën	7316
ënä'ämp	26337
ënä'ämpë	143394
ënä'ämpë'ajtpën	7316
ënä'ämpën	178511
ënä'ämpëtëjk	29264
ënä'ämpëtëjkëty	16095
ënä'ämpëtëjkëtyën	2926
ënä'ämtakn	8779
ënä'ämtaknën	2926
ënä'ämtäknën	2926
ënä'ämtën	13168
ënä'ämtëp	2926
ënä'ämtëpën	62918
ëna'anaanp	2926
ëna'anaanpën	2926
ëna'anantëp	2926
ëna'anëm	4389
ëna'anëp	2926
ëna'anmëty	4389
ëna'antë	7316
ëna'antëp	5852
ëna'k	314590
ëna'k'u'unkëty	2926
ëna'kën	51212
ëna'këty	57065
ëna'këtyën	7316
ëna'knëm	4389
ëna'kpë	8779
ëna'ktëjk	46822
ëna'ktëjkëty	71697
ëna'ktëjkëtyën	2926
ënaanp	450668
ënaanpë	5852
ënaanpën	102424
ënaanpës	13168
ënääw	55601
ënääwën	14632
Enaim	2926
enán	5852
Enán	5852
ënanën	2926
ënantën	10242
ënantëp	14632
ënantëpën	86329
ënät	2787414
Ënät	4067723
ënätës	90719
Ënätës	263377
ënätëty	4389
ënätnëm	46822
ënätnëmës	8779
ënätnëpë	2926
ënätpë	2926
ënaty	7316
ënäty	11265252
ënätyë	731604
ënätyën	4389
ënätyëty	21948
ënätynyë	43896
Endor	4389
ëne'emy	7316
ëne'emyës	2926
Eneas	5852
ënëëmë	46822
Ënëëmë	73160
ënëëmëtë	26337
Ënëëmëtë	30727
ënëëmëtyä'äky	4389
eneldo	4389
ënëmaayëtën	2926
Ënëmaaytya'a	4389
ënetyës	20484
Enós	13168
ënu'kxë	4389
ënu'kxpëtëjk	2926
ënu'kxy	8779
ënu'kxypë	4389
ënyääpy	2926
ënyääpyë	2926
ënyääpyën	4389
ënyääypyäjn	8779
ënyääytyakn	4389
ënyääytyëpën	5852
ëpa'tkë'ëmtsow	90719
ëpa'tkë'ëmtsowpë	5852
ëpa'tkë'ëy	2926
ëpa'tkë'ëy'äämpy	11705
ëpa'tkë'ëytsyow	55601
ëpa'tkë'ëytsyowën	4389
ëpa'tkë'ëytsyowpë	40969
ëpa'tkë'p	10242
Epafras	5852
Epafrodito	2926
ëpëky	620400
ëpëkyës	2926
ëpëkyjyäty	7316
ëpëkykyajpn	4389
equed	2926
Er	14632
Era	2926
Erasto	4389
Erec	2926
Eri	2926
Es	2926
Esarhadón	2926
Esaú	147784
Esaujën	4389
Esbán	2926
Esbón	2926
Escol	8779
Esdras	49749
Ésem	4389
Éser	14632
Esión	4389
Esmirna	2926
España	2926
Esrom	4389
Estaol	11705
Esteban	33653
Estéfanas	4389
Estemoa	8779
Ester	89255
Estón	2926
Etam	14632
Etán	11705
Éter	4389
ëtëtsnajxpën	2926
ëtëtsp	23411
ëtëtspë	4389
ëtëtspën	8779
ëtëtstëp	20484
ëtëtstëpën	7316
ëtëyë	2926
Etiope	2926
Etiopíë	59991
Etní	2926
ets	45437053
ëts	13168
ëtsajtëm	11705
ëtsajtëmën	4389
ëtsë'ëkë	4389
ëtsë'ëkëtuuy	5852
ëtsëm	35117
ëtsëmtsu'utsy	2926
etsës	1656353
ëtsi'itjut	4389
ëtsoowinpijtën	21948
ëtsoowinpijtkës	10242
ëtsoowkës	11705
ëtujkpë	2926
ëtukëty	2926
ëtuky	24874
ety	5852
ëtyä'äkyë	2926
ëtyä'äkyë'äämpy	23411
Éufrates	84866
Eutico	2926
Eva	5852
Eví	2926
Evil	2926
ëw	10242
ëwa'an	7316
ëwa'anëtyën	16095
ëwa'anëtypë	32190
ëwa'anpë	4389
ëwa'ats	19021
ëwa'atspë	2926
ëwa'ktujkëpën	2926
ëwä'kxyjyäty	5852
ëwään	2926
ëwaatsë	7316
ëwaatsë'ajtën	8779
ëwaatsëtum	59991
ëwaatsëtum'ajtën	2926
ëwaatsëtumpë	4389
ëwaatsëtuuy	59991
ëwaatsëtuuy'ajtën	17558
ëwatsn	7316
ëwatsxëyëp	2926
ëwë'kën	4389
ëwtajtpë	8779
ëwtatë	21948
ëwtatën	2926
ëwtë	23411
ëwtëp	2926
ëwtijtp	2926
ëwtijtpën	2926
ëwxijt	7316
ëwxijtën	2926
ëwxijtp	7316
ëwxit	11705
ëwxitë	2926
ëx'ok	2926
ëxajë	17558
ëxajëtë	2926
Ëxajëtë	8779
ëxaty	49749
ëxë'ëy	10242
ëxëëk	1962164
ëxëëk'ijxëpën	7316
ëxëëkajpxën	20484
ëxëëkajtën	49749
ëxëëkëm	30727
ëxëëkëmës	2926
Ëxëëkëmës	2926
ëxëëkën	39506
ëxëëkës	61454
ëxëëkëty	11705
ëxëëkëtyën	2926
ëxëëkja'ayëtyën	14632
ëxëëkja'aytyëjk	256061
ëxëëkja'aytyëjkën	10242
ëxëëkja'aytyëjkëty	43896
ëxëëkjaty	109740
ëxëëkjatyës	8779
ëxëëkjëyujk	19021
ëxëëkpë	348243
ëxëëkpën	21948
ëxëëkpës	4389
ëxëëktu'un	55601
ëxëëktum	20484
ëxëëktuump	4389
ëxëëktuun	2926
ëxëëktuunpën	2926
ëxkexy	2926
ëxmajtskës	7316
Ëxmajtskës	10242
ëxmajtstëkës	2926
ëxmats	19021
ëxmatstë	23411
ëxwa'any	2926
ëxwa'anyës	2926
ëxwa'ats	51212
ëxwa'atsës	2926
ëxwopy	7316
ëy	109740
ëyo'on	702340
ëyo'onën	5852
ëyo'onës	2926
ëyo'onjëjp'am	4389
ëyo'onjoty	8779
ëyo'ontum	26337
ëyo'owën	4389
ëyoop	21948
ëyoopë	24874
ëyoopëja'ay	163879
ëyoopëja'ayën	10242
ëyoopëja'ayëty	4389
ëyoopëja'ayëtyën	4389
ëyoopëja'aytyëjk	54138
ëyoopëja'aytyëjkën	4389
ëyoopën	8779
ëyoow	8779
ëyoowpë	2926
ëyoowpëja'aytyëjk	5852
ëyoowtakn	2926
ëyoowtaknjoty	40969
ëyoowtëp	7316
ëyoowtëpën	7316
ëyowëty	2926
ëyoy	2926
Ezequías	188754
Ezequiel	4389
ézer	38043
Ezión	5852
Falú	5852
faraón	29264
Fares	27800
fariseë	144857
Felipe	55601
Félix	23411
Fenicia	4389
Ferez	30727
Festo	26337
Ficol	5852
Filadelfia	2926
Filipo	5852
Filipos	5852
filistejë	411161
Finees	38043
Frigia	4389
Fut	5852
Gáal	16095
Gaas	5852
Gabaón	81939
Gabriel	4389
gad	5852
Gad	191680
gadi	8779
Gadí	4389
Galaad	184364
Galacia	10242
Galal	4389
Galilea	111203
Galiletë	4389
Galión	4389
Gamaliel	8779
ganim	4389
Gareb	4389
Gatam	4389
Gayo	7316
Gaza	33653
Gazam	2926
Gazez	2926
géber	5852
Gedeón	93645
Genesaret	4389
geras	2926
Gerasa	4389
gergeseos	8779
Getsemaní	2926
Gob	2926
Gog	20484
goim	4389
Goím	4389
Golán	5852
Gólgota	4389
Goliat	14632
Gómer	11705
Gomorra	36580
Gosen	20484
Gozán	7316
granadas	5852
granadë	2926
granados	2926
Grecië	10242
griegë	5852
griego	29264
Gudgoda	2926
Gueba	19021
Guebal	4389
guéber	7316
Guedalías	48285
Guederá	5852
Guederot	2926
Guedor	8779
Guehazí	32190
Guemarías	7316
Guerá	11705
Guerar	19021
Guerizim	5852
Guersón	57065
Guésem	5852
Guesur	16095
guesureos	2926
Guéter	2926
Guézer	21948
Guibeá	62918
Guibetón	7316
Guidalti	2926
Guidel	5852
Guidgad	2926
Guidoní	5852
Guihón	8779
Guilboa	11705
Guilgal	59991
Guiló	4389
Guinat	2926
Guinetón	4389
Guitaim	2926
Guní	5852
Gur	2926
Habacuc	2926
Habor	4389
Hacalías	2926
Hacmoni	2926
Hacufá	2926
hadad	8779
Hadad	58528
Hadasá	2926
Hadid	4389
Hadidá	2926
Hagabá	2926
Hageo	14632
Haguí	2926
Haguit	7316
hahirot	5852
Halac	2926
Halah	4389
Halohés	2926
Hamat	58528
Hamón	2926
Hamor	16095
Hamul	4389
Hamutal	4389
Hanamel	5852
hanán	10242
Hanán	19021
Hananel	5852
Hananí	14632
Hananías	35117
Haniel	2926
Hanoc	7316
Hanún	17558
haquérem	2926
Haquila	4389
Haradá	2926
Harán	27800
Harboná	2926
haréset	4389
Harhás	2926
Harhur	2926
Harif	2926
Harim	16095
Harod	5852
Haroset	2926
harsá	2926
Harsá	2926
Hasabías	23411
Hasabnías	2926
Hasar	19021
hasbaz	2926
hasebaím	2926
Haserot	4389
Hasmoná	2926
Hasor	16095
Hasub	7316
Hasufá	2926
Hasum	7316
hataavá	7316
Hatac	5852
Hatifá	2926
Hatil	2926
Hatús	7316
Haurán	2926
Havilá	10242
Havot	2926
Hazael	36580
Hazezón	2926
Hazor	10242
Héber	7316
hebreo	76086
Hebrón	105351
héfer	2926
Héfer	13168
Hegai	10242
Helá	2926
Helam	2926
Helcat	2926
Heldai	2926
Heled	2926
Heles	7316
Helón	5852
Hemam	2926
Hemán	24874
Hemdán	2926
Hená	4389
Henadad	5852
Henoc	21948
heres	2926
Herés	4389
Hermes	2926
hermón	2926
Hermón	20484
Herodes	90719
Herodías	11705
Hesbón	52675
Hesrai	2926
Hesrón	24874
Het	2926
Hetlón	2926
Heve	40969
Hezir	2926
Hidai	2926
higo	59991
higos	11705
Hilquías	42433
Himeneo	2926
hinom	19021
Hirá	2926
Hiram	59991
hisopo	11705
Hit	83402
Hobab	5852
Hobaías	2926
Hodavías	7316
Hodías	8779
Hofní	2926
hoglá	4389
Hoglá	5852
Holón	4389
homer	4389
Hor	27800
horë	14632
Horeb	29264
Horés	5852
Horí	2926
Hormá	11705
horón	21948
Horonaim	10242
Hosá	7316
Hosaías	2926
Hosana	5852
Hotam	4389
Hotir	2926
Hucoc	2926
Hufam	4389
Hul	2926
Huldá	5852
Hur	24874
Husá	5852
Husai	16095
Husam	5852
Husim	4389
i'kën	2926
i'px	570651
i'pxpë	2926
i'pxtaxtujk	10242
i'pxtuktujk	13168
i'ty	4389
Ibhar	4389
Ibleam	5852
Ibneías	2926
Ibsán	2926
Icabod	4389
Iconio	8779
Iddo	4389
Idó	16095
Igal	4389
Iié	2926
Iión	4389
ijtakn	20484
ijtaknën	11705
ijtë	16095
ijtëëp	13168
ijtëëpën	2926
ijtën	10242
ijtëp	7316
ijtëpën	159489
ijtp	58528
ijtpën	178511
ijty	1928510
ijtyëty	27800
ijx	2926
ijx'ijt	2926
ijx'ijtëp	2926
ijx'ijtëtëp	2926
ijx'ijtp	2926
ijx'ijtpë	4389
ijx'ity	7316
Ijxë'ëk	2926
ijxë'ëky	2926
ijxëkës	21948
ijxëmëty	4389
ijxën	76086
ijxëp	8779
ijxëpën	13168
ijxëtëkës	2926
ijxëtëp	7316
ijxëtyë	5852
ijxëy	7316
ijxëyëp	2926
ijxëyëpën	2926
ijxkëm	30727
Ijxkës	2926
ijxkëta'ak	8779
ijxkëtä'äky	7316
ijxkëtä'äkyë	4389
ijxkëtä'äkyës	2926
ijxkëtakës	8779
ijxkëtäkpyën	2926
ijxkëtaktëk	4389
ijxkëtaktëkës	2926
ijxkujk	10242
ijxkuk	7316
ijxmi'kxyë	2926
ijxn	2926
ijxnë	11705
ijxnën	7316
ijxnjoty	2926
ijxp	5852
ijxpäjn	7316
ijxpäjtën	141931
ijxpäjtën'atëp	2926
ijxpäjtënën	2926
ijxpät	43896
ijxpë	57065
ijxpëjkën	96571
ijxpëjkënën	2926
ijxpëjkpë	23411
ijxpëjkpëtëjk	51212
ijxpëjkpëtëjkëty	14632
ijxpëjkpëtëjkëtyën	8779
ijxpëkaanpës	2926
ijxpëkë	4389
ijxpëky'ajtën	2926
ijxpëkyjyä'äytyëjk	2926
ijxpëkyjyä'äytyëjkëty	16095
ijxpën	4389
ijxpëtsëmy	16095
Ijxta'a	2926
ijxtë	5852
ijxtëkës	2926
Ijxtëkës	2926
ijxtëkoy	16095
ijxtëm	2428928
ijxtëmës	111203
ijxtëp	4389
ijxtëpën	10242
ijxtu'utë	2926
ijxtu'utëty	4389
ijxwë'ëmën	16095
ijxwë'ëmy	2926
ijxwinpijty	5852
Imer	14632
Imlá	5852
Imná	5852
in	4389
India	2926
inën	5852
inpë	2926
ipxmajk	2926
ipxmajkpë	4389
Iqués	4389
Ir	4389
Irá	8779
Irad	2926
Iram	2926
Irías	2926
Is	30727
Isaac	218018
Isabel	16095
Isacar	57065
Isaías	4389
Isbac	2926
Iscariote	16095
Ishar	20484
Isí	7316
Isías	10242
Ismael	81939
Ismaías	2926
Israel	3527798
Israhías	2926
Isvá	2926
Isví	5852
it	809155
ita'any	8779
itaanp	39506
itaanpën	17558
Itai	11705
Italia	7316
Itamar	29264
itantëp	2926
itë	48285
itën	30727
itëp	13168
itëpën	21948
itëty	4389
Itiel	2926
itjot	92182
itjotm	29264
itjotmën	119983
itkujkm	5852
itkujkpyë	11705
itkujky	187290
itkujkyën	5852
itkujkytsyow	4389
Itra	2926
Itrán	4389
Itream	2926
itum	2926
ituuy	2926
Ivá	4389
ix	213628
ix'ajp	4389
ix'am	35117
ix'ampë	2926
ix'ok	20484
ixa'antë	2926
ixa'any	2926
ixë	27800
ixëja'antë	2926
ixëja'any	2926
ixëjäämpy	2926
ixëjäämpyën	2926
ixëjanëtëp	2926
ixëjantëpën	4389
ixën	17558
ixëp	4389
ixës	4389
ixët	2926
ixëtë	20484
ixëtën	16095
ixëtëty	20484
ixëty	20484
ixëtyën	2926
ixjëtit	2926
ixkäxtë	2926
ixkëëts	2926
ixkexy	7316
ixko'onëtyë	2926
Ixmajtsta'atë	4389
Ixmats	13168
Ixmatstë	33653
ixpëky	11705
ixpëkyajtën	39506
ixpëkyën	7316
ixpëkyëtyën	4389
ixpëkyjyä'äy	14632
ixpëkyjyä'äytyëjk	8779
ixpëkytyëjkëty	2926
ixta'a	17558
ixta'atë	19021
ixtääpy	4389
ixtääpyë	14632
ixtaayëpën	2926
ixtë	58528
Ixtë	58528
ixtëkë	4389
ixtijy	10242
ixy	26337
ixy'ajtëp	2926
ixy'ajtëpën	2926
ixyën	8779
ja	91370135
jä'ä	8387118
jä'ä'ajtëp	8779
jä'ä'at	5852
jä'ä'atë	4389
jä'äjën	7316
Jä'äjës	7316
jä'äjëtën	5852
jä'äjëty	24874
ja'ajnë	2926
ja'ajtakn	16095
ja'ajtakpëty	2926
ja'ajtë	2926
ja'ajtp	7316
ja'ajtpën	20484
jä'äkyëjxm	191680
Jä'äkyëjxmës	7316
ja'akyujkëkës	2926
ja'akyujkëpën	4389
ja'akyukë	23411
ja'akyukëtë	29264
ja'akyupoj	2926
ja'akyupojën	7316
ja'am	4389
Ja'am	5852
ja'amënë	2926
ja'amtë	7316
Ja'amtë	21948
ja'amyäjtsën	8779
ja'amyäjtskës	5852
ja'amyäts	26337
Ja'amyäts	26337
ja'amyätstë	29264
Ja'amyätstë	38043
ja'amyetsy	17558
jä'änë	8779
jä'änëm	4389
ja'ap	10242
ja'apën	2926
jä'äs	52675
jä'ätëm	5852
jä'ätën	2926
jä'äts	27800
ja'atyëkoy	26337
ja'atyëkoyës	2926
ja'aw	2926
ja'awëkyëta'aktë	11705
ja'awëkyëtakën	48285
ja'awën	140468
ja'awënën	5852
ja'awëp	2926
ja'awëtyëp	2926
ja'awëy'itë	2926
ja'awëyëpën	4389
ja'awëyës	2926
ja'awjoty	5852
jä'äxë	17558
ja'axë'ëky	2926
ja'axë'ktën	2926
ja'axtëpën	2926
ja'axy	38043
ja'axykijxy	2926
ja'ay	8312494
ja'ay'ajnëtë	2926
ja'ay'ajtëpën	39506
ja'ay'ajtpën	58528
ja'ay'atë	8779
ja'ay'atën	29264
ja'ayajtën	2926
ja'ayë	32190
ja'ayën	340927
ja'ayënë	4389
ja'ayënën	2926
ja'ayënëtë	2926
ja'ayënpë	2926
ja'ayës	45359
ja'ayët	5852
ja'ayëty	7054134
ja'ayëtyë	8779
ja'ayëtyën	892557
ja'ayëtyënë	4389
ja'ayjoty	2926
ja'aykupojën	2926
ja'aykyujkën	27800
Ja'aykyukëtë	17558
ja'aymyajtspë	2926
ja'aynyë	17558
ja'aypyajkyeny	20484
ja'aypyajkyenyëty	4389
ja'ayts	4389
ja'aytyëjk	73160
ja'aytyëjkëty	8779
ja'aywyintum	4389
ja'aywyoopë	2926
ja'ayxyëëw	14632
jä'pn	32190
jä'pnëty	2926
ja'tëpën	7316
jää	994982
jää'ajtp	7316
jää'ajtpën	11705
jää'ataanp	10242
Jää'atëp	2926
jaacan	2926
jääjën	2926
jääjës	42433
jaak'oy	5852
Jaak'oy	7316
jaakjuuky'ajtëpën	7316
jaakjuuky'ajtpës	2926
jaakjuuky'ajtpnëm	2926
jaakjuukyëtyën	2926
jaakjuytyë	2926
jaakmëjpë	2926
jaakmo'o	2926
jaakmutsk'ajtpnëm	2926
jaaknatëjkëpën	5852
jaakni'ik	21948
jaaknimay	2926
jaaktam'ajtpnëm	2926
jaaktimmo'o	2926
jaakwa'atspë	4389
jaakwäänë	16095
jaakwë'ëmp	8779
jaakwë'ëmpën	8779
jaakwë'ëmtën	2926
jaakwë'ëmtëp	4389
jaakwë'ëmtëpën	14632
jaakyajpatëpën	5852
Jaalá	2926
Jaalam	5852
jaam	23411
jaamëtyën	2926
jäämpën	2926
jäänë	5852
jäänë'ëk	7316
jäänëm	67307
Jäänëmës	4389
jaanty	46822
jaanty'ajtën	42433
jaantyën	8779
jaantyës	4389
jaantyjawë	17558
jaantyjyawëtë	7316
jaantypë	39506
jääpaat	24874
jääpëk	5852
Jääpëk	36580
Jääpëkës	2926
jääpyë	11705
jääpyën	17558
jääpyëtëjk	2926
Jaasiel	2926
jääts	19021
jäätsow	20484
jääyë	14632
jaaykyë'ëpujy	2926
jaaymyujkën	96571
jaaypyaat	155100
jaaypyety	17558
jaaypyetyën	2926
jaaypyetypë	4389
jaaypyo'kxëtyën	5852
jaaypyo'kxy	95108
jaaypyo'kxyën	27800
jaaypyo'kxyënës	2926
jaaypyo'kxyëty	30727
jaaypyo'kxyjyä'äy	24874
jaaypyo'kxyjyä'äyën	2926
jaaypyo'kxyjyä'äyëty	4389
jaaytyëkats	2926
jaaytyëpën	2926
jaayxyëëw	4389
jaayxyëëwën	2926
Jaazanías	5852
Jaazías	2926
Jabal	4389
Jabés	35117
Jabín	13168
Jabneel	2926
Jaboc	10242
Jacob	605768
Jadá	4389
Jadúa	4389
Jael	16095
Jafed	17558
Jafía	5852
Jaflet	2926
Jahaleel	2926
Jahas	13168
Jáhat	13168
Jahaziel	10242
Jahleel	2926
Jahseel	4389
jair	2926
Jair	20484
Jairo	14632
jajëmëjt	40969
jajën	65844
jajmony	4389
jajp	10242
jajpë	2926
jajpën	5852
jajt	4389
jajtën	4389
jajtëp	27800
jajtëpën	32190
jajtp	13168
jam	14190208
jam'ajt	2926
jam'ajtp	17558
jam'ataanp	10242
jam'atantëp	2926
jam'atëp	4389
jamën	163879
jamës	285325
jamëty	4389
jamëtyën	49749
Jamín	8779
jamnë	5852
jampaat	282399
jampaatës	5852
jampë	934991
jamtëm	8779
jamts	127299
Jamts	179974
jamtsës	7316
jamtsow	179974
jamtsowpë	7316
jämyë	92182
jämyëët'ajtëpën	14632
jämyëët'ajtëtëp	2926
jämyës	4389
jän	2926
Jän	5852
janaam	86329
janty	1059363
janty'oy	266304
jap	3438542
jap'ajtp	2926
jäpaat	13168
japaat'ajtëtëp	2926
japë	70234
japën	38043
japës	16095
japëtyën	10242
jappaat	4389
japts	19021
Japts	27800
japtsës	2926
japtsow	4389
jäpyë	20484
Jaquim	4389
Jaquín	10242
Jará	2926
Jared	8779
Jarib	4389
Jarmut	8779
Jasén	2926
Jasobeam	4389
Jasón	7316
Jasub	4389
jat	4389
jatanëp	14632
jatanëpën	51212
jatë	2926
Jatë	4389
jatëkok	1676838
jatëkokë	2926
jatëp	8779
jatëtëp	7316
Jatir	11705
jatsojk	68770
jatsojkës	14632
jatu'kpëky	52675
jatyë	10242
jatyëty	2926
Javán	5852
jawäänë	30727
jawäänëpë	2926
jawäänës	7316
jawë	23411
jawëtë	14632
jawëtëp	2926
jaxim	13168
jayam	13168
Jazer	19021
je	4389
jë'ë	33653
je'emty	10242
je'emtyën	4389
Je'emtyëty	2926
je'emtypë	2926
jë'ëtë	7316
Jë'ëtë	7316
je'eyë	1910951
je'eyëm	213628
jë'ëyëm	2926
je'eyëmës	24874
je'eyën	4389
jë'ëyën	30727
je'eyëp	1033026
je'eyëpë	7316
je'eyës	140468
je'eyëty	2926
jë'kx	8779
jë'kxtë	4389
jë'kxy	204849
jë'kxyëty	2926
jë'kxykyam	5852
jë'kxykyamën	2926
jë'kxykyamjotm	2926
jë'kxykyepy	2926
jë'kxynyaaxjotm	2926
jë'kxynyaaxjoty	8779
jë'kxyotm	2926
jë'tn	2926
jearim	26337
Jebús	59991
Jecamán	2926
Jecamías	4389
Jecolías	2926
Jeconías	17558
Jedaías	20484
Jediael	8779
Jedutún	17558
jëëky	35117
jëëkyëty	5852
Jëëkytyëjk	2926
jëëmpit	7316
jëën	414088
jëën'akujky	5852
jëënën	59991
jëënjä'pn	2926
jëënjok	20484
jëënjotm	4389
jëënjoty	67307
jëënjotypyën	4389
jëënjut	5852
jëënjutën	2926
jëënjutjoty	2926
jëënmä'tn	2926
jëënmëët	17558
jëënmëëtpë	2926
jëënpa'am	19021
jëënpajk	33653
jëënpajkën	19021
jëënpixk	2926
jëënpixkën	2926
jëënpoj	20484
jëëntooytyakn	49749
jëëntooytyaknën	16095
jëëntooytyaknjoty	4389
jëëntsijtk	8779
jëënyä'änk	17558
jëënyä'änkën	32190
jëëpy	30727
jëëpyë	40969
jeexyë	1774873
jëëy	8779
jëëytyak	23411
jëëytyëp	24874
Jeflet	2926
Jefté	45359
Jefuné	16095
Jehedías	2926
Jehiel	32190
Jehú	121446
Jehudí	4389
Jehús	2926
Jeiel	11705
jëjp	20484
jëjp'am	52675
jëjp'amës	8779
jëjp'ijxën	2926
jëjp'ijxp	21948
jëjp'ixy	95108
jëjp'ixyës	8779
jëjpë	5852
jëjpën	8779
jëjpëpë	4389
jëjpkëjxm	4389
jëjpkëjxp	5852
jëjptsëtyu'un	38043
jëjpxë	32190
jëjpxu'uny	2926
jëjpxu'unypë	4389
jëkäm	241429
jëkäm'it	4389
jëkämën	2926
jëkämës	2926
Jëkämës	4389
jëkämnëm	5852
jëkämpaat	29264
jëkämpë	10242
jëkämtëkë	4389
jëkämy	4389
Jëkäx	2926
jekpyaat	11705
jekpyë	2926
jëku'ux	54138
jëku'uxën	2926
jëku'uxëty	13168
jëku'uxkëjxy	2926
jeky	251672
jëkyejpy	5852
jekyën	2926
jekyëp	2926
jekyës	4389
Jekyës	4389
jëmëjt	1073995
jëmëjtën	14632
jëmëjtës	4389
jëmëjtpaat	5852
jëmëjtpë	43896
jëmëjtpejtyën	7316
jëmëjtpetyën	54138
jëmk	2926
jemnyëm	2926
jempë	2926
jempyë	76086
jempyën	4389
Jemuel	2926
jemwyit	2926
jemy	20484
jemy'iy	2926
jemyëtypë	5852
jemypyë	43896
jemywyit	7316
jëna'a	355559
jëna'ajën	2926
jëna'ajëp	7316
jëna'ajëpës	4389
jëna'ajës	21948
jëna'ajëty	42433
Jëna'apaat	13168
jënaak	26337
jënaakën	111203
jënak	10242
jënäkxyëëw	11705
jënäkyxyëëw	42433
jënu'un	759405
jënu'unës	7316
jënu'unjaty	2926
jëpëjkta'atë	2926
Jëpëk	5852
jëpipy	13168
jëpom	100961
jëpomës	5852
jëpompë	5852
jëpyaat	4389
jëpyëkëm	2926
jëpyo'kxy	2926
Jérah	2926
Jerahmeel	14632
Jéred	2926
Jeremías	241429
Jeremot	7316
Jerías	2926
Jericó	93645
Jerimot	11705
Jeroboam	140468
Jeroham	17558
Jerubaal	23411
Jerusá	2926
Jerusalén	1239338
Jerusalénkë	4389
Jerusalenkëtë	8779
Jesaías	8779
Jesaná	4389
Jesé	61454
Jeséas	93645
jesimot	5852
Jesukristë	326295
Jesukristën	4389
Jesurún	5852
Jesús	2595734
Jesusën	11705
Jesúsën	11705
jëtää	548703
jëtääjë	8779
jëtääjën	11705
jëtäätën	19021
Jéter	13168
Jetet	2926
jëtijtëpën	19021
jëtijtp	8779
jëtijtpë	5852
jëtijtpën	2926
jëtitë	2926
jëtity	2926
Jetro	11705
Jetró	2926
jëtsy	10242
jëtsymyääpë	2926
jëtsyu'u	2926
jëtsyu'ujën	4389
jëtu'umpë	5852
Jëtu'umpë	8779
jëtu'un	11638370
jëtu'un'äämpy	149247
Jëtu'un'äämpy	283862
jëtu'un'äämpyë	2926
jëtu'un'äämpyës	10242
jëtu'un'äämpyts	7316
jëtu'un'atëp	24874
jëtu'unë	4389
jëtu'unën	10242
jëtu'unës	743310
jëtu'unëtën	2926
jëtu'unëty	10242
jëtu'unëtyën	5852
Jëtu'unkyëjxm	4389
jëtu'unpë	779890
Jëtu'unpëk	10242
jëtu'unts	237039
jëtu'untsës	5852
Jëtu'untsës	5852
jëtu'untsow	2926
Jëtu'unxë	2926
jëtu'unyë	583820
jëtu'unyëm	19021
jëtu'unyëmës	4389
jëtu'unyëpë	4389
jëtu'unyës	26337
jëtun	2926
Jetur	4389
jëtyu'u	14632
jëtyu'ujën	5852
Jeús	11705
Jëwa'ak	2926
Jëwa'aktë	7316
jëwa'kp	5852
jëwijtskës	2926
jëwoow	2926
jëwyiin	95108
jëwyiinpë	5852
jëwyiinyëp	4389
jëxk	4389
jëxkë'ëm	24874
jëxkë'ëy	4389
jëxkë'p	8779
jëxkë'p'äämpy	7316
jëxkë'ptsow	24874
jëxkën	7316
jëyëjp	299958
jëyëjp'ajtëpën	2926
jëyëjp'ataanpën	2926
jëyëjpë	4389
jëyëjpës	10242
jëyujk	1016930
jëyujk'on	2926
jëyujk'ooky	40969
jëyujkëjxy	10242
jëyujkën	76086
jëyujkëty	119983
jëyujkëtyën	10242
jëyujkëwent'ajtpë	4389
jëyujkkëjxm	2926
jëyujknë	4389
jëyujkpaat	4389
jëyujktuk'u'unyäätyëpën	2926
Jezabel	33653
Jézer	7316
Jezreel	58528
ji'tspën	2926
jin	7316
jinën	7316
jinjotm	2926
jinjoty	10242
jo'kn	23411
jo'okpyë	2926
jo'oky	8779
jo'okyën	5852
Joab	222407
Joacaz	33653
Joadán	2926
Joadë	2926
Joah	16095
Joaquim	58528
Joaquín	24874
Joás	100961
Job	92182
Jobab	13168
Jocabed	5852
Jocmeam	2926
Jocneam	2926
Jocsán	4389
Joctán	8779
Jocteel	2926
Joel	30727
Jogbehá	2926
Joha	2926
Johanán	51212
Joiacim	4389
Joiadá	84866
Joiarib	10242
jojkën	21948
jojkënën	2926
jojkp	13168
jojkpë	59991
jojkpën	21948
jojktëp	4389
jok	51212
jokantëp	2926
jokëpën	2926
jokjoty	10242
joktë	11705
jompya'ak	2926
Jonadab	24874
Jonás	48285
Jonatán	174121
jooky	11705
joon	122909
joonën	14632
joonëty	26337
joonpä'änën	2926
joontaak	2926
joontsaa	2926
joot'an	30727
joot'an'ajtën	2926
joot'anpëjkp	2926
joot'anpëjky	2926
jootjoty	49749
jootjotypë	5852
jootjotytsyow	5852
jootwinpitë	7316
joow	2926
Jope	17558
jopy	64381
jopyëp	77550
jopynyëm	10242
Joram	84866
Jordán	260451
Josadac	13168
Josafat	125836
Josbecasa	2926
José	447742
Joseba	5852
Joséjën	4389
Josías	95108
Josué	351170
Josuéjën	4389
jot	329222
Jotam	39506
Jotán	2926
Jotbata	4389
jotëko'oyën	2926
jotëkoopy	4389
jotëkoopyën	7316
jotëkoopyës	2926
jotëkooytyëpën	7316
jotëkoy	19021
jotëkoytyë	2926
jotkëtä'äky	24874
jotkujk	1063753
jotkujk'ajtën	288252
jotkujk'ajtëpën	2926
jotkujk'atë	2926
Jotkujkajtën	4389
jotkujkëp	2926
jotkujkës	86329
jotkujkmës	2926
jotkujkpë	5852
jotm	2926
jotmay	493101
jotmay'ajtpën	2926
jotmayën	7316
jotmayës	7316
jotmayjoty	30727
Jotmayjyotyës	5852
jotmëk	181438
jotmëk'ajtën	10242
jotmëkën	7316
jotmëkës	2926
jotmëkëty	11705
jotmëkëtyën	21948
jotmëkëtypë	23411
jotmëkja'ay	16095
jotmëkja'aytyëjk	17558
jotmëkja'aytyëjkëty	10242
jotmëkja'aytyëjkëtyën	2926
jotmëkmës	2926
jotmëkmo'o	2926
jotmëktëjk	2926
jotmëktëjkëty	4389
jotmëktëjkëtyën	2926
jotmëkwinkajpxë	4389
jotmën	10242
jotmukën	2926
jotpë	2926
joty	5852
joy	10242
joy'it	5852
joyën	13168
joyjotm	51212
joyjotmën	24874
joyjoty	4389
joyjyot	54138
joyjyotën	23411
joyjyotm	55601
joyjyotmën	14632
Jozabad	19021
ju'k	11705
ju'kën	2926
ju'tkës	4389
ju'uky	2926
ju'unëm	2926
Juan	273620
Juana	2926
Juankën	2926
Jubal	2926
Jucal	2926
Judá	1122281
Judas	71697
Judea	70234
Julio	2926
junktë'ëy	2926
juntëjoty	2926
Jurusalén	4389
Justo	2926
jut	67307
Jutá	2926
jutën	8779
jutië	38043
jutiis	355559
jutiiyë	11705
Jutiiyë	73160
jutiiyës	2926
jutjoty	55601
jutjotyë	2926
juukpyë	42433
juukpyëjkën	2926
juukpyëjkpën	5852
juukpyëkaanp	5852
juukpyëkantëp	4389
juuky	204849
juuky'ajtëm	2926
juuky'ajtëp	2926
juuky'ajtëpën	96571
juuky'ajtk	2926
juuky'ajtp	17558
juuky'ajtpë	21948
juuky'ajtpëtyën	2926
juuky'äjtyën	4389
juuky'at	4389
juuky'ataanp	2926
juuky'atantëp	4389
juuky'atantëpnëm	8779
juuky'atë	21948
juuky'atëp	2926
juuky'atëty	2926
juuky'ätynyëm	2926
juuky'ätynyëmën	7316
juukyajtën	403845
juukyajtën'ajtp	4389
juukyajtënën	13168
juukyajtënëty	8779
juukyajtënmëëtën	4389
juukyajtpën	83402
juukyën	29264
juukyëtynyëm	2926
juukymyejy	20484
juun	35117
juunën	4389
juunëtypë	2926
juunkepy	4389
juunpë	7316
juunpujxn	43896
juunpujxnën	10242
juunpujxnëty	2926
juuntsaa	2926
juuntsaajën	2926
juupyë	14632
juut	7316
Juut	7316
Juuyky'atë	4389
juuytyëp	4389
juy	24874
jya	11705
jyä'ä	185827
jyä'ä'ajta'ajëp	2926
jyä'ä'ajtääpy	8779
jyä'ä'ajtë	4389
jyä'ä'ajtëp	4389
jyä'ä'ajtëpën	64381
jyä'ä'ajtnëp	2926
jyä'ä'ajtyp	27800
jyä'ä'ajtypyën	168269
jyä'ä'atäämpy	4389
jyä'ä'atantëp	7316
jyä'ä'atantëpën	4389
jyä'ä'atëp	29264
jyä'ä'atëpën	23411
jyä'äjën	10242
jyä'äjëty	74623
jyä'äjëtyën	5852
jya'ajnë	4389
jya'ajnëtë	5852
jya'ajtä'äky	2926
jya'ajtaay	10242
jya'ajtakn	2926
jya'ajtaknën	2926
jya'ajtaknëtyën	2926
jya'ajtaktë	2926
jya'ajtë	29264
jya'ajtpë	2926
jyä'äjty	298494
jyä'äkyujkëp	5852
jyä'äkyujkëtëpën	2926
jyä'äkyujkëy	2926
jyä'äkyukë	19021
jyä'äkyukën	13168
jyä'äkyukëtë	8779
jyä'äkyukëtën	7316
jyä'äkyukëtëty	5852
jyä'äkyukëty	4389
jyä'ämyätsëtëty	2926
jyä'ämyejtsyp	4389
jyä'ämyejtsypyën	4389
jyä'äniwäämpy	2926
jyä'äniwantëp	2926
jyä'äntyixy	2926
jya'ap	19021
jya'apën	23411
jya'atën	2926
jya'awëkyëtä'äky	2926
jya'awën	156563
jya'awënën	2926
jya'awëtëp	2926
jya'awëtyëp	2926
jya'awëy	4389
jya'awëyë	2926
jyä'äxy	2926
jyä'äy	684782
jyä'äy'ajt	4389
jyä'äy'ajtë	2926
jyä'äy'ajtën	10242
jyä'äy'ajtëpën	2926
jyä'äy'ajtpë	2926
jyä'äy'äjty	2926
jyä'äy'äjtypyën	95108
jyä'äy'atë	33653
jyä'äy'atën	19021
jyä'äy'atëty	13168
jyä'äy'äty	45359
jyä'äy'ätyën	24874
jyä'äyajtën	10242
jyä'äyën	128762
jyä'äyëty	196070
jyä'äyëtyën	17558
jyä'äytsyu'utsëtyën	2926
jyä'äytyëkoopy	2926
jyä'äytyëkooyënë	2926
jya'ëna'antë	2926
jya'ëna'antën	4389
jya'ëna'antëty	2926
jya'ëna'any	16095
jya'ëna'anyën	14632
jya'ënany	2926
jya'ënë'ëmxëtën	2926
jya'ënë'ëmxëty	4389
jya'ënëmaayë	4389
jya'ijxtëp	2926
jya'itë	2926
jya'ity	2926
jya'ixäämpy	2926
jya'ooky	2926
jya'ta'antë	8779
jya'ta'antën	5852
jya'ta'any	19021
jya'tanë	4389
jya'të	73160
jya'tën	19021
jya'tëty	83402
jyä'tsmin	2926
jyä'tsminy	7316
jyä'tsxëpëty	2926
jyä'tsxëpy	2926
jyä'tsxëpyën	4389
jyä'ty	257524
jyä'tyën	32190
jyää'ajty	5852
jyää'ata'any	14632
jyää'atë	4389
jyää'atëty	27800
jyää'aty	46822
jyää'atyën	14632
jyää'atynyëmën	2926
jyääjëty	33653
jyaajtën	7316
jyaak	351170
jyaak'ëna'any	7316
jyaak'ënany	51212
jyaak'itë	2926
jyaakëna'any	2926
jyaakënë'ëmxëty	2926
jyaakjuuky'äty	36580
jyaakke'eky	2926
jyaakmin	2926
jyaakwë'ëmtën	42433
jyaakwë'ëmtëty	2926
jyaakwë'ëmyën	10242
jyaamënë	2926
jyääntyajtën	35117
jyääntyëty	14632
jyääntyëtyën	4389
jyääpyë	7316
jyääpyë'ajtypyën	7316
jyääpyën	2926
jyääty	2926
jyääy	2926
jyääyën	24874
jyääyëty	4389
jyääymyujkpyën	2926
jyääymyujkyën	2926
jyääypyätë	4389
jyääywyë'ëmtën	2926
jyaja'any	2926
jyaja'ty	2926
jyajatyë	2926
jyajë'kxyp	2926
jyajëtu'un'ajty	2926
jyajëtu'unëty	35117
jyajjën	5852
jyajmoonë	2926
jyajnë	17558
jyajnën	2926
jyajnëtë	11705
jyajta'aja'antë	8779
jyajta'aja'any	16095
jyajta'ajëty	7316
jyajta'aktë	2926
jyajta'aktën	11705
jyajtä'äky	14632
jyajtä'äkyën	5852
jyajta'atë	17558
jyajta'atëty	2926
jyajta'ay	27800
jyajta'ayë	8779
jyajta'ayën	5852
jyajtaayë	13168
jyajtaaynyë	2926
jyajtaaynyën	2926
jyajtaaytyë	2926
jyajtäky	7316
jyajtë	414088
jyajtën	16095
jyajtëp	2926
jyäjty	61454
jyäjtyën	21948
jyäjtyp	2926
jyajuuky'atë	2926
jyäjxma'aty	2926
jyäjy	24874
jyäjyën	11705
jyakä'äka'anëty	2926
jyakä'äkanëtë	2926
jyakajpxën	2926
jyakäknëtë	4389
jyakäktë	2926
jyakëjxmëty	2926
jyäkëty	2926
jyakëxë'ëky	4389
jyakomy	2926
jyakumeenyëty	2926
jyäm	4389
jyam'ajty	2926
jyam'ata'any	4389
jyam'atë	2926
jyam'atëty	10242
jyam'aty	21948
jyam'atyën	8779
jyamaay	2926
jyamayëty	2926
jyamëët'ajtëp	8779
jyamëët'ajtyp	7316
jyamëët'ajtypyën	5852
jyamëjja'ayënë	4389
jyamëjja'ayënëtë	2926
jyamëtëyëty	2926
jyamëty	43896
jyaminëty	5852
jyaminy	5852
jyaminyën	7316
jyämtë	2926
jyämy	20484
jyämyëët	5852
jyämyëët'ajtëpën	5852
jyämyëët'atyën	4389
jyämyëty	2926
jyanaxantë	2926
jyanaxëty	2926
jyanäyu'utsëtëty	5852
jyänë	4389
jyanëjkxtë	2926
jyänën	4389
jyanija'ap	2926
jyanikäjpxyp	7316
jyanikäjpxypën	5852
jyanimay'atë	5852
jyanimayëty	2926
jyänty	308737
jyanu'kxta'akëty	4389
jyapaatë'atyën	8779
jyapaatëtën	2926
jyapaatyën	5852
jyapëty	5852
jyat	19021
jyata'an	11705
jyata'antë	30727
jyata'antën	17558
jyata'any	136078
jyata'anyë	30727
jyata'anyën	39506
jyatajtëpën	2926
jyatë	87792
jyatën	33653
jyatëp	2926
Jyatëp	2926
jyatëtë	10242
jyatëtëty	64381
jyatëty	58528
jyatëtyën	4389
jyatijäämpy	11705
jyatijäämpyën	2926
jyatijpy	2926
jyatijpyën	2926
jyatim	5852
jyatsipëty	2926
jyatsojktëp	2926
Jyatsojktëp	2926
jyatsojktëpën	2926
jyatsoontë	7316
jyatukja'tyë	2926
jyatuumpy	4389
jyäty	239966
jyätyë	188754
jyätyën	109740
jyätyënëm	7316
jyawë	23411
jyawën	4389
jyawëtë	2926
jyawëtëty	5852
jyawëty	14632
jyaya'ax	2926
jyayaj'ënëëmëtë	2926
jyayaj'ënëmaay	2926
jyayaj'ixy	4389
jyayaj'ooka'anëtën	2926
jyayajkutuky	2926
jyayajmëkajpxtë	2926
jyayajmëtoy	4389
jyayajnijawë	2926
jyayajpaatë	2926
jyayajpaaty	7316
jyayajtsumy	2926
jyayajtuk'ëne'emyën	2926
jyayajwowtën	2926
jyayajyaxtsowtë	2926
jyë'ëja'an	4389
jye'emty'ajnë	2926
jye'emty'äty	2926
jye'emtyëty	32190
jye'emtyëtyën	8779
jyë'ëtë	24874
jyë'ëtën	2926
jyë'ëtëty	4389
jye'etsyën	2926
jye'eyëty	7316
jyë'kxäämpy	4389
jyë'kxäämpyën	2926
jyë'kxantëp	2926
jyë'kxëp	4389
jyë'kxëpën	5852
jyë'kxëty	4389
jyë'kxtë	11705
jyë'kxtëp	21948
jyë'kxtëpën	16095
jyëën	371655
jyëënjoty	2926
jyëëntsijtk	2926
jyëëntsijtkëty	4389
jyëjp	80476
jyëjp'ajtypyën	2926
jyëjp'ijxtëp	7316
jyëjp'ijxtëpën	4389
jyëjp'ijxyp	11705
jyëjp'ijxypyën	2926
jyëjpën	17558
jyëjpëtsë'ëmxëtëty	2926
jyëjpëtsë'ëmxëty	4389
jyëjpëtsëma'any	2926
jyëjpëtsëmëty	14632
jyëjpëtsëmy	14632
jyëjpëty	5852
jyëjpëtyën	4389
jyëjpkëjxm	2926
jyëjpkëjxy	8779
jyëjpkëjxyën	5852
jyëjpkëxa'any	7316
jyëjpkëxëty	7316
jyëjpkëxy	33653
jyëjpkëxyën	51212
jyëjpkukëxë	4389
jyëjpta'aktë	4389
jyëjptä'äky	19021
jyëjpwa'këtyë	2926
jyëjpye'eyë'ëkëtë	4389
jyëkämëty	8779
jyeky'äjty	2926
jyëkyäjpnëp	14632
jyëkyäjpnëtëp	8779
jyëkyäjptëp	8779
jyëkyäjptëpën	7316
jyëkyäpëp	93645
jyëkyäptëp	10242
jyëkyäptëpën	2926
jyëkyejpy	295568
jyëkyejpyën	13168
jyëkyejpyës	14632
jyëkyejpynyëm	2926
jyëkyepyë	10242
jyëmëjnë	14632
jyëmëjnën	5852
jyëmëjt	179974
jyëmëjtën	23411
jyëmëjtëty	5852
jyëmëjtëtyën	43896
jyëmk	7316
jyemy	2926
jyënajkë'ëky	4389
jyënajkë'ktë	2926
jyënajknë	2926
jyënäjky	8779
jyënaktë	7316
jyënäky	14632
jyënäkyën	49749
jyënäkyxyëëw'atëty	5852
jyënäkyxyëëw'aty	4389
jyënäkyxyëëwajty	2926
jyëpijpkëtä'äky	7316
jyëpijpkëtäky	2926
jyëpijpnë	7316
jyëpom'atëty	2926
jyëtijnëtë	2926
jyëtijtë	2926
jyëtijtën	2926
jyëtijty	7316
jyëtita'any	2926
jyëtitë	17558
jyëtitën	11705
jyëtitëty	2926
jyëtity	29264
jyëtityën	16095
jyëtu'un'ajtë	2926
jyëtu'un'ajty	5852
jyëtu'un'atë	29264
jyëtu'un'atëty	29264
jyëtu'un'aty	13168
jyëtu'unëty	279473
jyëwa'aka'any	4389
jyëwa'akëty	4389
jyëwä'äky	8779
jyëwa'knë	2926
jyëxëxy	2926
jyëxk	10242
jyëyujk	102424
jyëyujk'aty	2926
jyëyujk'ooky	2926
jyëyujkëjxm	2926
jyëyujkëty	21948
jyi'iy	23411
jyi'iyën	4389
jyi'iyënëty	4389
jyi'kxëty	2926
jyi'kxtaaytyë	4389
jyi'kxy	73160
jyi'kxy'äjtypyën	2926
jyi'kxyëty	7316
jyi'kxymyoopy	2926
jyi'kxyp	17558
jyi'kxypyaatëty	4389
jyi'kxypyata'atëty	4389
jyi'kxypyën	4389
jyi'tsk	8779
jyiiky	272157
jyiiky'äjtyp	10242
jyiikytyëjk	7316
jyiitsa'any	2926
jyiitstë	4389
jyiitstëty	4389
jyiitsy	7316
jyiitsyën	4389
jyiiytyä'äky	2926
jyiiytyak	5852
jyiiytyakta'ay	4389
jyiiytyäky	5852
jyiiytyë	5852
jyiiywya'kxta'ay	4389
jyijta'aja'any	4389
jyijta'ay	2926
jyijtë'ëkäämpy	2926
jyijtë'kta'ay	2926
jyity	4389
jyityën	7316
jyo'oky	10242
jyo'oky'atëty	5852
jyojkën	2926
jyojknëtë	11705
jyojky	2926
jyoka'any	5852
jyokëty	8779
jyoktë	29264
jyoktën	13168
jyoktëty	5852
jyoky	23411
jyokyën	27800
jyoot'an	19021
jyoot'anpëjknë	4389
jyoot'anpëjktë	16095
jyoot'anpëjky	27800
jyoot'anpëkëty	4389
jyoot'anpëktë	11705
jyoot'anpëky	76086
jyootjoty	43896
jyootwinpitë	7316
jyootwinpitëty	7316
jyootwinpity	2926
jyopy'atëty	2926
jyopyëp'atëty	5852
jyopyëp'aty	7316
jyot	563335
jyotëkoy	10242
jyotëkoyën	2926
jyotën	5852
jyotëty	2926
jyotëtyën	2926
jyotjoy	5852
jyotkëtä'äky	2926
jyotkujk'ajtën	8779
jyotkujk'ajtënëty	7316
jyotkujk'atë	5852
jyotkujk'atën	4389
jyotkujk'atëty	4389
jyotkujk'aty	7316
jyotkujk'atyën	7316
jyotkujkë	16095
jyotkujkëtë	5852
jyotkujkëtyë	4389
jyotkujkëy	2926
jyotkujktä'äky	2926
jyotkumonëtë	2926
jyotmay	20484
jyotmay'äjtypyën	2926
jyotmayëty	7316
jyotmayëtyën	4389
jyotmaypyaatë	2926
jyotmaytyëjkëtyë	5852
jyotmaytyëjkëy	7316
jyotmaytyëkë	5852
jyotmëk'ajtën	7316
jyotmëkëty	7316
jyotmëkmoopy	4389
jyotmëkpëktë	2926
jyotmëkta'aktëty	2926
jyotwinpijtë	2926
jyotwinpitëty	14632
jyotwinpity	7316
jyotxäämëty	2926
jyotxeemy	2926
jyu'typ	4389
jyut	5852
jyutëty	7316
jyutiis	29264
jyutiis'atën	68770
jyutiis'aty	2926
jyutiisëty	39506
jyutiisëtyë	2926
jyutiiyësëty	2926
jyuukpyëka'antë	11705
jyuukpyëka'any	26337
jyuukpyëkëty	4389
jyuukpyëktë	23411
jyuukpyëktën	2926
jyuukpyëktëty	10242
jyuukpyijky	16095
jyuukpyiky	62918
jyuukpyikyën	11705
jyuuky'ajnëtë	2926
jyuuky'ajtë	7316
jyuuky'ajtënën	14632
jyuuky'ajtënëty	29264
jyuuky'ajtënëtyën	2926
jyuuky'ajtëpë	4389
jyuuky'ajtkojyën	4389
jyuuky'äjty	42433
jyuuky'äjtyën	46822
jyuuky'ata'antë	11705
jyuuky'ata'any	35117
jyuuky'atë	76086
jyuuky'atën	93645
jyuuky'atëty	111203
jyuuky'atëtyën	11705
jyuuky'äty	150710
jyuuky'ätyën	68770
jyuuky'ätynyëm	7316
jyuuky'ätynyëmën	4389
jyuukyajtën	193143
jyuukyajtënën	2926
jyuukyëty	8779
jyuukyëtyën	4389
jyuukyjot	4389
jyuunëty	4389
jyuutëtë	2926
jyuuyën	2926
jyuuypyëtsëmäämpy	2926
jyuy	5852
ka	17558
ka'ajaanp	5852
ka'ajën	5852
ka'ajëp	2926
Kä'äk	5852
kä'äktë	11705
ka'anëm	234113
ka'anëmës	2926
Ka'anëmës	4389
ka'ap	11957350
kä'äp	62918
ka'apë	642349
ka'apëk	10242
ka'apën	19021
ka'apës	1461746
ka'apëtën	4389
kä'äpyëm	64381
kä'äxkopk	43896
kä'äxkopk'ajtën	5852
kä'äxkopk'ajtp	4389
kä'äxkopkën	21948
kä'äxkopkëtyën	16095
kä'äxkopkpë	4389
kä'äxkopktëjk	13168
kä'äxkopktëjkëty	2926
kä'äxnë	10242
ka'ayën	105351
ka'ijtpë	2926
ka'ijtpën	2926
ka'ijtxëtëp	2926
ka'ijxënpë	2926
ka'oy	14632
ka'oyën	8779
ka'oyjyä'äy	8779
ka'oyjyä'äyëty	2926
ka'oypyë	7316
kä'pxy	65844
kä'pxyën	10242
kä'py	5852
kä'pyën	4389
kaa	147784
kaajën	65844
kääkëtijtëpën	11705
kääkëtijtpën	2926
kääkjëtijtëpën	14632
kääky	77550
kääkyën	2926
kaan	21948
kaanën	4389
kääpy	8779
kääpyë	58528
kääpyën	2926
kaataak	2926
kaato'oxyën	2926
käätswok	2926
kaaxë	140468
kaaxëë	2926
kaaxëjoty	14632
kaaxën	16095
kaaypyäjn	52675
kaaypyäjnën	27800
kaaytyaknën	2926
kaaytyëp	11705
kaaytyëpën	2926
kajekyën	2926
kajëna'a	21948
Kajëna'ajës	4389
kajjoonpa'tkë'p	4389
Kajpë'ëk	4389
kajpn	4353049
kajpn'ajtëtëpën	5852
kajpn'ajtpën	4389
kajpn'apëtsëmy	4389
kajpnë	13168
kajpnën	1356395
kajpnënë	4389
kajpnëpë	17558
kajpnës	2926
kajpnëty	136078
kajpnëtyën	58528
kajpnjotm	125836
kajpnjotmën	2926
kajpnjoty	134615
kajpnjotypë	5852
Kajpnkajpn	5852
kajpnpa'a	10242
kajpnpë'ajp	2926
kajpnpë'am	70234
kajpntsënääpyë	2926
kajpntum	68770
kajpx	7316
Kajpx	7316
kajpxën	100961
kajpxënëty	36580
kajpxnajxpë	4389
käjpxnyajxpëtëjk	2926
käjpxnyajxpëtëjkëty	2926
kajpxp	14632
kajpxpäjn	11705
kajpxpë	23411
kajpxpën	10242
kajpxpo'kxën	39506
kajpxpo'kxtë	4389
Kajpxpo'kxtë	23411
kajpxpojkën	4389
kajpxpojkpën	2926
kajpxpojkpëtëjk	4389
kajpxpoky	17558
kajpxta'ak	7316
kajpxtakën	7316
kajpxtakn	2926
kajpxtakpë	14632
Kajpxtë	2926
kajpxtëko'oyën	11705
kajpxtëkoopyë	4389
kajpxtëkoopyën	4389
kajpxtëp	4389
kajpxtëpën	5852
käjpxtyu'unën	11705
kajpxwa'kx	4389
kajpxwa'kxpë	14632
Kajpxwij	2926
kajpxwijën	32190
kajpxwijpë	10242
kajpxwijpën	2926
kajpxwijtë	2926
kajpxwijtëpën	4389
kajpxwinpijtën	2926
käjpxy	155100
käjpxynyajxën	2926
käjpxynyajxpë	244356
käjpxynyajxpën	8779
käjpxynyajxpëtëjk	48285
käjpxynyajxpëtëjkëty	92182
käjpxynyajxpëtëjkëtyën	13168
käjpxynyajxtëpën	8779
käjpxytyu'unën	367265
käjpxytyu'unënën	4389
käjtë	4389
kajtëm	19021
kajts	117056
kajtsën	4389
kajtsës	10242
kajutiis	2926
käjxëpën	2926
käjxëtëp	4389
kajxyëp	14632
kaka'atpën	2926
kakajtxëyëpën	2926
käkn	17558
käknmëët	7316
käkpën	5852
Käkpëtsëmtë	5852
käktëp	2926
käktëpën	5852
käktsokpën	2926
kam	234113
kam'itkujkm	2926
kam'itkujky	2926
kamaa	23411
kamën	55601
kamëty	2926
kamjotm	105351
kamjoty	24874
kamjotypë	7316
kamtëjk	8779
kamtëjkën	2926
kamwinm	32190
kanaak	283862
kanaak'ok	27800
Kanaak'okës	2926
kanaakjëjp	46822
kanaaknax	5852
kanaakpë	2926
kanaakpëkpyë	7316
kanaakpëky	57065
käpy	2926
katii	8779
katspux	5852
katsuky	2926
katsy	40969
katsyjoty	8779
katsyjyän	17558
katsyjyänën	8779
kawi'ixëty	8779
käx	4389
Käx	8779
kay	16095
kayaanpës	2926
kayajnija'apën	14632
kaytyë	13168
kë'ë	36580
kë'ë'am	7316
kë'ë'u'unk	7316
kë'ëjän	13168
kë'ëjiits	21948
kë'ëjiitsën	5852
kë'ëk	8779
ke'ekyjyëtijtpën	2926
kë'ëm	1322741
kë'ëma'at	2926
kë'ëma'atpë	5852
kë'ëmën	4389
kë'ëmës	40969
kë'ëmëty	2926
kë'ëmpaat	2926
kë'ëmpë	2926
kë'ëmtsojkën	7316
kë'ëmwinma'any	79013
kë'ënux	99498
kë'ëpujtakn	11705
kë'ëpujtaknën	5852
kë'ëtsumy	14632
kë'ëwa'ats	2926
kë'ëxujxpë	11705
kë'ëy	45359
kë'ëyakanëpën	4389
kë'ëyjyëmëjt	32190
kë'ëyxyëëw	33653
këëk	10242
këëkjä'ä	27800
këëkjëën	2926
këëktëjk	4389
këëktu'uk	40969
këëkujkm	7316
këëts	14632
këëtsën	2926
këëtsëtypë	2926
këëtspë	2926
këëyë'ëk	13168
këëyi'ikpyën	5852
këëyi'iky	2926
Keilá	19021
këjää	595526
këjääjëjaanp	2926
këjääjëp	4389
këjääjës	27800
këjääjëty	4389
këjääjëtypë	7316
këjääpaat	8779
këjääpë	51212
kejky	49749
kejkyijxy	2926
këjxm	203386
këjxm'ajtën	2926
këjxmën	2926
këjxmëpë	30727
Këjxmëpë	45359
këjxmëty	13168
këjxmëtyën	4389
këjxmëtypë	16095
këjxp	13168
Këjxpës	2926
këjxy	24874
këjxyën	2926
kejy	26337
kejyajtën	27800
kejypyë	2926
këk	24874
këkmejyjoty	10242
këknëëjoty	10242
këkpaat	10242
këkpë	7316
këmoon	2926
këmoontëjk	17558
këmoontëjkën	8779
këmoontëkoty	10242
kemy	13168
kemyjoty	10242
kënu'kx	11705
kënu'kxën	84866
kënu'kxëtëp	11705
kënu'kxëtëpën	2926
kënu'kxpën	2926
kënu'kxy	165342
kënu'kxyën	40969
kënu'kxyjyawë	7316
kënu'kxyjyawëtë	24874
kënu'kxykyajpn	2926
kënu'kxymyëk'ajtën	23411
Kënu'kxymyëkajtën	273620
kënu'kxynyëë	17558
kënu'kxypyë	58528
kënu'kxypyën	7316
kënukxyjyawëtë	2926
këpajk	17558
këpajkën	2926
këpajkm	4389
këpäjky	2926
këpäjnë	2926
këpäjtën	14632
këpäjtëp	4389
këpäjtëpën	5852
këpäjtpë	4389
këpätë	2926
këpätëty	4389
këpety	10242
këpetyajtën	16095
këpetyën	8779
këpetyëtyën	2926
këpetyjyä'äy	2926
këpetyjyä'äytyëjk	2926
këpetypë	4389
kepy	1057900
kepy'ääy	4389
kepy'u'pky	4389
kepyë	2926
kepyën	103887
kepyënë	2926
kepyëty	11705
kepyjoty	2926
kepyjotyën	2926
kepyjyëjp'am	2926
kepyjyëjpën	2926
kepyjyëjpxu'uny	2926
kepyjyi'tskën	2926
kepyjyiity	52675
kepyjyiityën	2926
kepyjyot	7316
kepykyëjxm	11705
kepykyijxy	11705
kepykyopkën	2926
kepykyow	2926
kepynyitsiky	4389
kepypya'tk	2926
kepypya'tkë'ëm	19021
kepypya'tkë'ëy	2926
kepypya'tkën	13168
kepytyëjk	5852
kepytyëjkën	8779
kepyxye'enty	14632
kepyxye'entyën	8779
këtaapën	2926
këtakp	7316
këtakpën	21948
këtaw	2926
këtawaanp	2926
këtii	1799748
këtiijë	43896
këtiijën	23411
Këtiijës	10242
këtiimës	8779
këtiinëm	466763
këtiipë	613084
këtiipës	55601
këtiis	114130
këtiitën	2926
Këtiitën	8779
këtiits	2926
këtsey	4389
këtseynyë'aaw	19021
këtseytyaak	2926
këtye'epyë	2926
këtyey	5852
këwaayëty	16095
këwaaykyëjxm	2926
këwaaykyijxyën	5852
këwaaykyijxypyë	4389
këwaaytyuk'ënyääytyëpën	5852
Këwent'ajtëkës	5852
këwent'ajtëp	5852
këwent'ajtëpën	55601
këwent'ajtëtëp	2926
këwent'ajtëtëpën	2926
këwent'ajtk	20484
këwent'ajtkës	2926
Këwent'ajtkës	2926
këwent'ajtpë	174121
këwent'ajtpën	43896
këwent'ajtpëtëjk	5852
këwent'ajtpëtëjkëty	4389
këwent'ajtpëty	16095
këwent'at	10242
këwent'atë	8779
këwent'atëpën	2926
këwent'atëty	2926
këwent'aty	39506
këwent'atyën	20484
këwent'atypë	8779
këwentë	65844
këx'ix	2926
këxaanp	5852
Këxaanp	5852
këxë'kën	2926
këxë'knëp	4389
këxë'kp	11705
këxë'kpën	46822
këxë'ktëpën	2926
këxëty	4389
Këxja'a	2926
këxja'ay	147784
këxja'aypyë	24874
këxjaaytya'a	2926
këxka'ap	2926
këxkë'ëy	2926
këxkojy	10242
këxpajy	2926
këxtëy	2926
këxtsa'ay	2926
këxtsumy	5852
këxy	4389
keyën	2926
keypywyintëkäämpën	4389
ki'ix	13168
ki'ixën	2926
Kibrot	2926
kiik	2926
kiixy	45359
kijpxën	35117
kijpxën'atëp	2926
kijpxëny	2926
kijpxn	4389
kijpxnën	2926
kijpxtä'äky	2926
kijpxy	5852
kijpxyajtën	4389
kilë	23411
ko	25218420
ko'knääpy	2926
ko'knääpyën	2926
ko'knë	2926
ko'ow	133152
ko'owës	4389
ko'oy	2926
kojën	5852
kojpën	10242
kojtë	5852
kojtëp	2926
kojtëpën	8779
kojy	8779
kom	121446
Kom	127299
Kom'ok	4389
komë	36580
komjeky	2926
Komjeky	11705
komjëpom	71697
Komjëpom	105351
Komjëpomës	2926
komjëpompën	2926
komjopy	10242
kommäjtsk	2926
Kommäjtsk	5852
Kommëkoxk	4389
komnëë	30727
komnëëjoty	2926
Komtëtujk	5852
komtuu	30727
kon	4389
kony	7316
koo	8779
koojëk	4389
Koojës	2926
koom	2926
koonë'ëk	7316
koonëm	433110
koonëmën	2926
koonëmës	55601
koop	2926
koopë	10242
koopën	2926
koos	1751462
kootëm	2926
koots	204849
kootsajtën	55601
kootsës	14632
kootspaat	2926
kootspë	7316
kootspuknë	7316
koowpë	13168
koowtëp	4389
koowtëpën	2926
kooxyëp	17558
Kooxyëp	27800
kopk	340927
kopk'ëjxën	4389
kopk'ëjxm	7316
kopkë	2926
kopkëjxm	96571
kopkëjxmëpë	7316
kopkëjxy	8779
kopkën	305810
kopkëty	7316
kopkjot	29264
kopkjotm	27800
kopkjotmën	51212
kopkjoty	11705
kopkjotypë	4389
kopkkëjxm	136078
kopkpëky	395066
kopkpëkyën	7316
kopkpëkyës	8779
kopktëjk	10242
kopktëjkëty	89255
kopkupi'tsykën	2926
kopkwinm	11705
kow	30727
koxtänë	7316
koxy	2926
koyën	5852
koyëtyën	2926
Kristë	703803
Kristëkyëjxm	4389
Kristën	11705
krukts	99498
kruktsën	7316
kruktsëty	7316
kruktskëjxy	2926
kruuts	2926
kruutskëjxm	46822
ku'ëkemy	2926
ku'ëtsa'ay	2926
ku'ëtuky	11705
ku'into'oxy	14632
ku'into'oxytyëjkëty	2926
ku'ookpyë	16095
ku'ooktyo'oxy	8779
ku'ooky	76086
ku'ooky'u'unk	13168
ku'ooky'u'unkëty	4389
ku'ookyën	5852
ku'ookytyo'oxëty	4389
ku'ookytyo'oxy	57065
ku'oypyë	234113
ku'oypyën	2926
ku'umën	38043
ku'umënëty	4389
ku'uxyë	70234
Kuja'a	5852
kuja'ay	136078
kujääpyën	2926
kujaj	7316
kujajëpën	2926
kujän	16095
kujänën	8779
kujayë	2926
kujëën	2926
kujenyën	2926
kujenytyo'oxy	2926
kujëyujk	4389
kujk	54138
kujk'ajtën	39506
kujkëëpy	2926
kujkëëpyën	5852
kujkën	2926
kujkës	2926
kujkkëëytyëpën	2926
kujkm	92182
kujkmëpë	5852
kujkmtsim	2926
kujkpë	2926
kujkwä'kxy	84866
kujkwä'kxypyë	5852
kujkxyëëw	16095
kujkyë	11705
kujkyxyëëwën	5852
kujoy	2926
kujup	7316
kujupën	2926
kujuun	17558
kujuunën	2926
kujy	19021
Kukä'äk	2926
kuka'atsy	14632
kukajpn	16095
kukajpn'ajtën	4389
kukajpn'ajtpën	36580
kukajpnajtëpën	87792
kukajpnën	5852
kukajpnëty	14632
kukajpnëtyën	4389
kukajpxën	61454
Kukajpxëtë	24874
kukäjpxy	418477
kukäjpxyëty	7316
kukam	32190
kukexyën	5852
kukexyëtyën	5852
kukëyë	2926
kukoots	16095
kukootspë	4389
kum	5852
kuma'ay	36580
kuma'ayën	77550
kuma'ayënën	7316
kuma'ayjoty	33653
kumay	11705
kumeeny	13168
kumeeny'ajtk	2926
kumeeny'at	2926
kumeenyajtën	5852
kumeenyën	5852
kumeenyëtyën	4389
kumeenyjyä'äy	61454
kumeenyjyä'äyëty	5852
kumeenyjyä'äytyëjk	13168
kumeenyjyä'äytyëjkëty	5852
kumeenypë	10242
kumëjaaw	5852
kumëjaawëtyën	2926
kumëtoownajxpë	11705
kumëtoownaxtë	14632
kumëtoownaxtës	11705
kumo'on	2926
kumon	2926
kumots	2926
kunaax	30727
kunaax'ajt	4389
kunaax'ajtp	2926
kunëpap	4389
kunoky	5852
kupe'eny	4389
kupëjkpë	2926
kupëk	16095
kupëktë	2926
Kupëktë	5852
kupi'its	19021
kupi'tykyën	13168
kupit	10242
kupixyn	5852
Kupixyn	5852
kupixyny	633569
kupixyny'ak	7316
kupixyny'u'unk	2926
kupixynyën	40969
kupixynyëty	35117
kupixynyëtyën	4389
kupixynytyo'oxy	7316
kupoj	8779
kupuxy	36580
kutajëpë	5852
kutë'kx	13168
kutë'kxën	13168
kutë'kxëpën	4389
kutë'kxn	43896
kutë'kxnën	16095
kutë'kxp	4389
kutë'kxy	16095
kutëëm	2926
kutëjk	17558
kutëjk'ajtpën	5852
kutëjkëyë	24874
kutëkoyaanp	7316
Kutëkoyantëp	2926
kutëy	4389
kutsë'ëkë	33653
kutsë'ëkën	5852
kutsë'ëkëpë	14632
kutsë'ëkëtum	2926
kutsë'ëkëtuuy	2926
kutsë'ëkëtyën	4389
kutsëtyu'un	2926
kutsëtyut	2926
kutsumy	8779
kutsuu	7316
kutujkën	380434
kutujkënën	19021
kutujkënmëët	2926
kutujkënmëëtpë	11705
kutujkëntakn	7316
kutujkëntaknën	5852
kutujkëntëjk	59991
kutujkëntëjkën	55601
kutujkëntëjkëty	2926
Kutujkp	2926
kutujktakn	64381
kutujktaknën	134615
kutuunk	36580
kutuunk'ajtëpën	7316
kutuunk'ajtpën	4389
kutuunkën	17558
kutuunkëtyën	7316
kutuunktëjk	39506
kutuunktëjkën	5852
kutuunktëjkëty	61454
kutuunktëjkëtyën	16095
kuuk	10242
kuukën	2926
kuump	8779
kuumpën	32190
Kuuy'ëwtë	7316
kuuya'axtë	2926
kuuytyun	5852
kuuytyuntë	5852
kuuyxyëpëjy	5852
kuuyxyëpëjyën	2926
kuwa'an	5852
kuwa'anën	14632
kuwa'anëpën	2926
kuwa'ats	2926
kuwaankës	13168
kuwaanpë	2926
kuwanëp	2926
kuwanëpën	5852
kuwanëtëp	2926
kuwëëny	2926
kuwinma'any	2926
kuwit	10242
kuwitsë	5852
kuxotsy	2926
kuye'eyëpën	2926
kuyjaam	30727
kuyjaamjoty	4389
kuyjyaam	7316
kuyjyaamën	5852
kwaay	140468
kwaayën	16095
kwaaykyijxy	38043
kwanë	54138
Kwent'at	7316
Kwent'aty	2926
kya'aja'any	7316
kya'ajëty	13168
kyä'äka'antë	5852
kyä'äka'any	4389
kyä'äkëty	8779
kyä'äktë	21948
kyä'äktën	7316
kyä'äktëty	14632
kyä'äktëtyën	2926
kya'ata'atë	8779
kya'ata'atëty	2926
kya'ataaytyë	5852
kya'ataja'any	2926
kya'atë	8779
kya'atëty	2926
kyä'äxkopk	11705
kyä'äxkopk'ajtën	4389
kyä'äxkopk'ajtypyën	7316
kyä'äxkopkëty	14632
kyä'äxkopktëjkëty	2926
kyä'äxtë	2926
kyä'äy	43896
kyä'äyën	62918
kyä'äyënëty	5852
kya'ëk'uknë	2926
kya'ëknajxnë	4389
kya'ëkpëjk	2926
kya'ëktëjkënë	5852
kya'ëktsënaaynyë	10242
kya'ëkyaj'ijxnë	2926
kya'ëkyajmëtoownëty	4389
kya'ëkyajpatnë	2926
kya'ëna'any	8779
kya'ëtë'ëtsy	2926
kya'ëtsooy	4389
kya'ita'any	4389
kya'itëty	5852
kya'ity	5852
kya'ixyë	2926
kya'ooka'any	4389
kya'ookëty	4389
kya'ooky	8779
kya'ookyën	2926
kya'oy'ijxyp	2926
kya'oyëty	8779
kya'pxanë	2926
kya'pxëty	17558
kya'pxnë	2926
kya'pxtëty	2926
kyä'pxy	23411
kyä'pxyën	13168
kyä'pxyëty	5852
kyä'py	2926
kyä'tsypyën	2926
kyääkjëtitë	4389
kyääkjëtity	2926
kyääkjëtityën	4389
kyääkwa'kxta'aja'antë	2926
kyääkwa'kxta'atë	2926
kyääkwa'kxta'atëty	2926
kyääky	29264
kyääkyëty	4389
kyääkymyoopy	2926
kyääpy	8779
kyaaxë	119983
kyaaxën	5852
kyääy	16095
kyääymyuk	2926
kyääynyë	2926
kyääypyäjnën	7316
kyääytyä'äy	2926
kyääytyääy	8779
kyääytyääytyë	4389
kyääytyaknën	2926
kyääytyë	21948
kyääytyëp	4389
kyääytyëpën	2926
kyääytyuk	2926
kyajä'ä'atyë	2926
kyaja'akyukëtë	4389
kyaja'ty	4389
kyajajtë	2926
kyajaty	10242
kyajëtu'unëty	14632
kyajëwa'akëty	2926
kyajjotkujk'aty	2926
kyajjotkujkmo'oyë	2926
kyajpn	400919
kyajpn'ajtëpën	2926
kyajpn'ajtyp	2926
kyajpn'ajtypyën	23411
kyajpn'atyën	4389
kyajpnë	5852
kyajpnën	229723
kyajpnëty	86329
kyajpnëtyën	140468
kyajpnjotm	16095
kyajpnjotmën	4389
kyajpnjotmëty	8779
kyajpnjoty	11705
kyajpnjotyëty	4389
kyajpnpa'ajën	4389
kyajpntëkëtë	4389
kyajpntum	2926
kyajpx	4389
kyajpx'ëtë'ëtsy	4389
kyajpxa'any	4389
kyajpxäämpyën	4389
kyajpxë'ëky	2926
kyajpxë'ky	4389
kyajpxën	71697
kyajpxënëty	11705
kyajpxëp	2926
kyajpxëty	21948
kyajpxnë	2926
kyajpxnëtë	2926
kyajpxpatëp	2926
kyajpxpatëpën	4389
kyajpxpatyp	2926
kyajpxpëtsëmtë	2926
kyajpxpo'kxëtë	2926
kyajpxpo'kxëtëty	4389
kyajpxpo'kxyë	2926
kyajpxta'aktë	2926
kyajpxta'ay	4389
kyajpxtaay	35117
kyajpxtë	36580
kyajpxtëko'oyën	4389
kyajpxtëko'oyënëty	5852
kyajpxtëkoopyën	2926
kyajpxtëkoy	7316
kyajpxtëkoyën	5852
kyajpxtëkoyëty	2926
kyajpxtëkoytyë	2926
kyajpxtëkoytyën	4389
kyajpxtën	16095
kyajpxtëp	39506
kyajpxtëpën	54138
kyajpxtëty	8779
kyajpxtso'ony	4389
kyajpxwa'kxën	2926
kyajpxwa'kxtëpën	5852
kyajpxwä'kxyp	2926
kyajpxwä'kxypyën	4389
kyajpxwijyë	2926
kyäjpxy	155100
kyäjpxyën	24874
kyäjpxyjyä'äkyukën	2926
kyäjpxyjyä'äkyukëtë	4389
kyäjpxyjyä'äkyukëty	5852
kyäjpxyjyä'äykyujkëtyë	2926
kyäjpxyjyä'äykyujkëy	10242
kyäjpxykyumëtoownajxtë	4389
kyäjpxykyumëtoownaxtë	17558
kyäjpxykyumëtoownaxtën	4389
kyäjpxykyumëtoownaxyën	2926
kyäjpxykyutëjy	8779
kyäjpxynyajxpë	134615
kyäjpxynyajxpë'atën	2926
kyäjpxynyajxpë'atëtë	2926
kyäjpxynyajxpë'atëty	2926
kyäjpxynyajxpëtëjk	58528
kyäjpxynyajxpëtëjkëty	7316
kyäjpxynyäxy	2926
kyäjpxynyëm	7316
kyäjpxyp	26337
kyäjpxypën	38043
kyäjpxytyu'unën	16095
kyajutiisëty	2926
kyäjx	7316
kyäjxë	4389
kyäjxën	13168
kyäjxtë	2926
kyäjxtën	4389
kyäjxtëpën	2926
kyaka'ay	4389
kyaka'ty	20484
kyakajpxta'aynyëm	2926
kyakäjpxy	4389
kyakay	2926
kyakëpety	4389
kyakëxa'any	5852
kyakëxë'ëkëty	2926
kyakëxë'ëky	10242
kyakëxy	2926
kyäkn	51212
kyäknën	5852
kyäknëtë	5852
kyäknëty	13168
kyäknpa'tkën	2926
kyäknpa'tkëtyën	4389
kyakojnëtë	2926
kyäkpëtsëëmta'atë	5852
kyäkpëtsëmëty	2926
kyäkta'aja'antë	4389
kyäkta'atë	38043
kyäktaaytyë	17558
kyäktë	17558
kyäktso'okëty	5852
kyäktso'oktë	7316
kyäktso'oktën	8779
kyäktso'oktëty	8779
kyäktso'oktëtyën	2926
kyäktso'oky	4389
kyäktso'okyën	7316
kyäktsoky	4389
kyakupëjkpy	2926
kyam	93645
kyama'ay	2926
kyamay	2926
kyamayë	13168
kyamayëtë	2926
kyamayëtëty	13168
kyamëët'ajtëp	4389
kyamëj'ijxyp	2926
kyamëjjëty	2926
kyamëjpëjktäkpy	5852
kyamëkëty	2926
kyamëmëtoowtëpën	2926
kyamën	33653
kyamëpëjktëpën	2926
kyamëta'akëty	4389
kyamëtä'äky	5852
kyamëty	43896
kyamëtyä'äky	4389
kyamëtyakta'aynyëm	4389
kyamëtyën	5852
kyaminy	5852
kyamjotm	32190
kyamjotmën	4389
kyamjoty	4389
kyamtëjk	10242
kyamtëjkëty	2926
kyanatëty	2926
kyanaxa'any	2926
kyanaxy	2926
kyanija'awëtëpën	4389
kyaninaxëty	2926
kyaniya'axa'anyë	2926
kyapëky	2926
kyapëtsëmy	2926
kyapi'itsyën	8779
kyapxtakën	2926
kyäpy	10242
kyatëkë	5852
kyatëkëtëty	5852
kyatëkëty	5852
kyatëkoy	4389
kyatëkoy'äjty	2926
kyatëkoy'ata'any	2926
kyatëkoy'äty	5852
kyatsëënë	8779
kyatsëënëja'any	5852
kyatsëënëty	2926
kyatso'oka'any	2926
kyatso'oktë	2926
kyatso'oky	4389
kyatsojkpy	5852
kyatsoonëty	2926
kyatsoony	2926
kyatsoowpaaty	4389
kyätsy	5852
kyatuna'any	7316
kyatunëtë	4389
kyatuny	7316
kyatuumpyën	4389
kyäty	13168
kyätykyijxy	4389
kyawa'atsëty	2926
kyawë'ëma'antë	2926
kyawë'ëma'any	13168
kyawë'ëmëty	2926
kyawë'ëmtë	4389
kyawë'ëmy	33653
kyawiintsëty	2926
kyawin'ëëny	2926
kyawintsë'këp	5852
kyäxäämpy	14632
kyäxäämpyën	4389
kyaxën	2926
kyäxëp	2926
kyäxëtë	7316
kyäxëtën	4389
kyäy	40969
kyäya'antë	7316
kyäyä'äny	7316
kyäyäämpyën	2926
kyayaj'ixynyëm	10242
kyayajjotkëxyë	2926
kyayajmëtoy	2926
kyayajmëtoy'äty	2926
kyayajpaata'any	2926
kyayajpaatëty	11705
kyayajpaaty	10242
kyayajtuny	5852
kyäyën	2926
kyäyëty	17558
kyayony	2926
kyäytyë	46822
kyäytyën	14632
kyäytyëp	8779
kyäytyëpën	5852
kyäytyëty	17558
kyë'ë	237039
kyë'ë'am	5852
kyë'ë'am'ajtëpën	4389
kyë'ë'am'ajtyp	4389
kyë'ë'am'ajtypën	2926
kyë'ëjän	2926
kyë'ëjëjp	4389
kyë'ëjën	36580
kyë'ëjëty	10242
kyë'ëjiits	11705
kyë'ëjiitsëty	4389
kyë'ëjootjoty	4389
kyë'ëjotm	10242
kyë'ëjotmën	2926
kyë'ëjoty	4389
kyë'ëk	17558
kyë'ëkaa	5852
kyë'ëkaajën	5852
kyë'ëkaajëtyën	2926
kyë'ëkëjxm	16095
kyë'ëkëjxy	21948
kyë'ëkëty	2926
kyë'ëkox	2926
kye'eky	38043
kye'ekyën	4389
kyë'ëm	137541
kyë'ëmëty	2926
kyë'ëmkajpnën	4389
kyë'ëmkajpnëtyën	4389
kyë'ëmku'umën	4389
kyë'ëmpoky	16095
kyë'ëmtë'ëny	2926
kyë'ëmtios	2926
kyë'ënixajëtë	4389
kyë'ënixäjpy	2926
kyë'ëpëk'ajtyp	2926
kyë'ëpuj	2926
kyë'ëpujtë	2926
kyë'ëpujy	7316
kyë'ëtëjkëtyä'äyë	2926
kyë'ëtswä'kxy	8779
kyë'ëw	2926
kyë'ëwa'axy	11705
kyë'ëwits'ajtyp	2926
kyë'ëxooky	2926
kye'exy	4389
kyë'ëyajkën	5852
kyë'ëyajkëtë	2926
kyë'ëyäjkpyën	13168
kyë'ëyajktëpën	4389
kyë'ëyakäämpy	2926
kyë'ëyakäämpyën	5852
kyë'ëyakëtë	8779
kyë'ëyäky	4389
kyë'ëyäkyë	2926
kyë'tsnë	2926
kyë'tstaay	2926
kyë'tstaaynyë	2926
kyëjääjë	65844
kyëjääjëja'any	5852
kyëjääjënë	7316
kyëjääjënyë	4389
kyëjääjëtëty	2926
kyëjääjëty	26337
kyëjääjëtyën	5852
kyëjääjëy	2926
kyejky	8779
kyejkyën	4389
kyejkyijxy	10242
kyejkyijxyëty	2926
kyëjxm	17558
kyëjxm'ajtën	7316
kyëjxm'atëty	7316
kyëjxmën	2926
kyëjxmëty	51212
kyëjxmëtyën	8779
kyëjxmjatyëty	4389
kyëjxmpotsy	2926
kyëjxnë	8779
kyëjxta'aja'antë	4389
kyëjxta'atë	4389
kyëjxta'ay	4389
kyëjxtaay	4389
kyejxyp	7316
kyejxypyën	13168
kyejyajtën	7316
kyëkëty	7316
kyëkëtyën	7316
kyëktëkë	10242
kyeky	20484
kyëma'ay	4389
kyëmoontëjk	2926
kyënajxta'atë	2926
kyënaxëty	2926
Kyënu'kxäämpy	2926
kyënu'kxën	23411
kyënu'kxëp	5852
kyënu'kxëtë	8779
kyënu'kxëtën	5852
kyënu'kxëtëty	4389
kyënu'kxëtyën	4389
kyënu'kxy	5852
kyënu'kxyajtën	2926
kyënu'kxyë	21948
kyënu'kxyën	2926
kyënu'kxyëtyën	2926
kyënu'kxymyëk'ajtën	8779
Kyënu'kxymyëk'ajtën	23411
kyënu'kxyp	5852
kyëpajk	83402
kyëpajkëjxm	5852
kyëpajkëjxy	4389
kyëpajkën	59991
kyëpajkëty	7316
kyëpajkëtyën	8779
kyëpajkjoty	2926
kyëpäjky	4389
kyëpäjnë	2926
kyëpäjnën	2926
kyëpäjnëtë	8779
kyëpäjtë	11705
kyëpäjtën	7316
kyëpäta'antë	7316
kyëpäta'antën	2926
kyëpäta'any	29264
kyëpäta'anyë	2926
kyëpäta'anyën	13168
kyëpätë	64381
kyëpätën	27800
kyëpätëtëty	2926
kyëpätëty	43896
kyëpejty	32190
kyëpejtyën	14632
kyëpety	118519
kyëpetyajtën	2926
kyëpetyë	4389
kyëpetyën	45359
kyëpetynyëm	2926
kyëpiptë	2926
kyepy	55601
kyepyën	11705
kyepywyintëkäämpëty	4389
kyepyxye'enty	4389
kyërukts	17558
kyëruktsëty	2926
kyëruuts	10242
kyëruutspety	5852
kyëruutspetyën	4389
kyëta'aka'any	2926
kyëta'akanën	2926
kyëta'akëty	8779
kyëta'aktë	2926
kyëtä'äky	55601
kyëtä'äkyën	62918
kyëtä'äkynyëmën	2926
kyëtääy	4389
kyëtaknë	8779
kyëtakta'atë	5852
kyëtakta'atën	2926
kyëtakta'ay	5852
kyëtaktaaytyë	2926
kyëtaktë	2926
kyëtäky	24874
kyëtawa'any	4389
kyëtawëty	4389
kyëtawtë	10242
kyëtawtëty	7316
kyëtäy	13168
kyëtäyën	7316
kyëwaay	5852
kyëwaayëty	24874
kyëwent'ajtëp	11705
kyëwent'ajtëpën	52675
kyëwent'ajtpë	5852
kyëwent'ajtyp	17558
Kyëwent'ajtyp	21948
kyëwent'ajtypyën	39506
kyëwent'atë	5852
kyëwent'atën	17558
kyëwent'atëp	2926
kyëwent'atëpën	8779
kyëwent'atëtë	5852
kyëwent'atëtëty	7316
kyëwent'atëty	4389
kyëwent'attëp	2926
kyëwent'aty	2926
kyëwent'atyën	7316
kyëwent'atyëty	2926
kyëwentëpëkëp	2926
kyëx'ixy	4389
kyëxa'antë	2926
kyëxa'any	7316
kyëxanë	2926
kyëxanën	11705
kyëxë'ëka'any	2926
kyëxë'ëkëty	29264
kyëxë'ëktë	24874
kyëxë'ëky	124372
kyëxë'ëkyë	2926
kyëxë'ëkyën	90719
kyëxë'knë	17558
kyëxë'knëtë	10242
kyëxë'kojnëpëty	2926
kyëxë'ktë	5852
kyëxë'ky	4389
kyëxëty	8779
kyëxja'ayëty	33653
kyëxja'ayëtyën	26337
kyëxkojy	2926
kyëxkojyën	2926
kyëxmëtä'äky	5852
kyëxmëtä'äkyën	4389
kyëxmëtakpäjn	2926
kyëxmëtakpäjnën	7316
kyëxtë	7316
kyëxwä'äky	2926
kyëxweetsy	2926
kyexy	4389
kyexyë	21948
kyexyën	5852
kyëyätë	2926
kyi'itwinpijty	2926
kyi'iy	2926
kyi'iyën	8779
kyiintaaytyë	2926
kyiitsyën	5852
kyiixë'ëky	2926
kyiiynyë	4389
kyiiynyëjkxtëpën	2926
kyiiytyëpën	4389
kyijpxën'aty	4389
kyijpxtsoony	2926
kyijpxy'atë	7316
kyijpxyajtën	5852
kyijpxyëty	8779
kyijxy	16095
kyinyën	2926
kyixy	61454
kyixyë	2926
kyo'knë	7316
kyo'knën	7316
kyo'knëtën	2926
kyoj'apaatë	2926
kyoj'o'oyëpën	2926
kyoj'o'oyëtëpën	2926
kyoj'o'oyëy	2926
kyoja'anyën	19021
kyojën	13168
kyojëty	20484
kyojja'anyën	2926
kyojnyëm	5852
kyojnyëmën	2926
kyojpën	2926
kyojpy	2926
kyojtaay	5852
kyojtë	4389
kyojtën	4389
kyojtëp	2926
kyojtëpën	2926
kyojy	19021
kyojy'atë	2926
kyojyën	26337
kyojyëty	10242
kyojyëtyën	5852
kyojynyëm	4389
kyojynyëmën	5852
kyomjëpom'ajty	10242
kyomtu'uyën	2926
kyomy	5852
kyomyën	16095
kyoots'ajty	5852
kyoots'atëty	4389
kyoots'aty	16095
kyootsajty	2926
kyootsë	17558
kyootsëjanë	2926
kyootsënë	5852
kyootsënyë	7316
kyootsëty	14632
kyootsëtyën	2926
kyootsëy	8779
kyoowkujkëy	2926
kyopk	112667
kyopk'ajtypyën	2926
kyopkën	36580
kyopkëty	2926
kyopkpëkyëty	33653
kyopkpëkyëtyën	4389
kyopktëjkëty	13168
kyow	2926
kyowëty	7316
kyowtë	2926
kyowtën	2926
kyoxtänë	2926
kyoxtänën	2926
kyoxtänëtë	2926
kyoy	2926
kyu'ëna'anëp	2926
kyu'ijxëy	4389
kyu'ixëja'anyë	2926
kyu'ixëty	2926
kyu'o'këp	2926
kyu'o'këpën	2926
kyu'ookyën	4389
kyu'ookytyo'oxy	2926
kyu'umën	43896
kyu'umënëty	27800
kyu'umn	2926
kyu'uxëtë	4389
kyu'uxëtëty	7316
kyu'uxyë	8779
kyu'uxyën	4389
kyuja'ayëty	2926
kyuja'ayëtyën	2926
kyujä'tsëy	2926
kyujääpyën	2926
kyujajtä'äky	2926
kyujän	14632
kyujëpiptë	2926
kyujkyxyëëwënë	5852
kyujup	7316
kyujuun'ooky	2926
kyujuunta'aktë	2926
kyujuyëp	2926
kyuka'ajë	2926
kyuka'ajëy	5852
kyuka'anajxtaaytyë	4389
kyuka'anaxëty	2926
kyuka'anaxtë	2926
kyuka'anaxy	19021
kyuka'anaxyën	2926
kyukääkën	4389
kyukääkëtë	4389
kyukajpn'atë	5852
kyukajpn'atën	57065
kyukajpnëty	89255
kyukajpnëtyën	74623
kyukajpxëp	4389
kyukajpxpë	10242
kyukäjpxy	117056
kyukäjpxyën	2926
kyukäkëtya'atë	4389
kyukë'ë	5852
kyuke'ekyë	2926
kyukekpy	4389
kyukëpät	2926
kyukëxë	17558
kyukëxëja'antë	5852
kyukëxëja'any	8779
kyukëxëja'anyën	4389
kyukëxëtë	4389
kyukëxëty	4389
kyukexyën	4389
kyuko'oxy	2926
kyuma'ayën	21948
kyuma'ayën'ajtëp	2926
kyuma'ayën'ajtyp	4389
kyuma'ayën'atantëp	7316
kyuma'ayënëty	7316
kyumay	5852
kyumayë	2926
kyumeeny'atë	4389
kyumeenyajtën	2926
kyumeenyëty	8779
kyumëjaaw'atë	2926
kyumëjaawëty	2926
kyumëtoownajxpën	11705
kyumëtoownajxtëpën	23411
kyumëtoownaxy	4389
kyumon	7316
kyumoontëjk	4389
kyunaax	4389
kyunaax'at	8779
kyunajxypyën	16095
kyunäpëtë	5852
kyunäpëty	2926
kyunaxëpën	19021
kyunaxëtëty	4389
kyunëjkx	4389
kyupëjkëtë	5852
kyupëjkpë	4389
kyupëjkpy	32190
kyupëjkpyën	8779
kyupëjktëp	4389
kyupëjyën	2926
kyupëka'anyë	2926
kyupëkëp	2926
kyupëkyë	10242
kyupëyë'këy	2926
kyupit	4389
kyupixyny	74623
kyupixynyëty	27800
kyupoky	2926
kyutajë	2926
kyutajëty	2926
kyutë'kxëpën	2926
kyutë'kxëty	7316
kyutë'kxn	10242
kyutë'kxnëty	2926
kyutë'kxtëty	2926
kyutë'kxy	2926
kyutë'kxyp	7316
kyutëjk	2926
kyutëjkëyë	4389
kyutëkats	2926
kyutëkats'ajtypyën	4389
kyutëkë	5852
kyutëkëp	2926
kyutëkëty	62918
kyutëkooy	8779
kyutëkooyën	2926
kyutëkooynyë	4389
kyutëkooytya'aja'any	5852
kyutëkooytya'ajëty	4389
kyutëkooytya'atë	21948
kyutëkooytya'atëty	5852
kyutëkooytyä'äy	13168
kyutëkoy	33653
kyutëkoya'antë	2926
kyutëkoyä'äny	14632
kyutëkoyä'änyën	4389
kyutëkoyën	7316
kyutëkoyëty	29264
kyutëkoytyë	11705
kyutëkoytyën	5852
kyutëkoytyëty	10242
kyutënääpy	7316
kyutënääpyë	7316
kyutënääpyën	2926
kyutënaaytyën	4389
kyutënaaytyëpën	7316
kyutsë'ëkëty	2926
kyutsë'ëkëtyën	8779
kyutsu'ujëy	2926
kyutujkën	232650
kyutujkën'ajtypyën	2926
kyutujkënën	11705
kyutujkënëty	2926
kyutujkëntëjk	14632
kyutujkpë	2926
kyutujkpë'ajtëpën	4389
kyutujkpë'ajtypyën	2926
kyutujkpëtëjkëty	11705
kyutujktakn	84866
kyutujktaknën	136078
kyutujktaknënë	2926
kyutujktaknëtyën	2926
kyutukë	2926
kyutukëtë	4389
kyutuky	2926
kyutukyën	2926
kyutukyëty	8779
kyutukyëtyën	11705
kyutuunk'atëty	2926
kyutuunkëty	4389
kyutuunktëjkëty	4389
kyuuy'iipyën	2926
kyuuytyuunpy	8779
kyuuytyuunpyën	4389
kyuwa'akë	8779
kyuwa'anäämpy	7316
kyuwa'këy	7316
kyuwäämpy	20484
kyuwaanpëty	2926
kyuwäänpyën	7316
kyuwaay	17558
kyuwantëpën	2926
kyuwit	4389
kyuxëënyë	4389
kyuxëtë	2926
kyuye'ey	4389
kyuye'eyë	5852
kyuye'eynyäxy	5852
kyuyu'tsypyën	2926
Laadán	4389
Labán	95108
Labankën	2926
Ladán	2926
Lais	8779
lamá	2926
Lámec	13168
Laodicea	8779
Laquis	27800
latín	2926
Lázaro	36580
Lea	59991
Lebaná	2926
Lehab	2926
Lehi	7316
Lemuel	2926
lepra	5852
leprë	5852
letrë	8779
levadura	19021
Leví	534071
Leviatán	5852
Líbano	89255
Libië	11705
Libná	26337
Libní	8779
Licaonia	2926
Lida	5852
Lidia	8779
linë	84866
lirië	4389
Lisías	4389
Listra	8779
Lo	5852
Lodebar	2926
Lot	71697
Lotán	8779
Lucas	4389
Lucio	2926
Lud	5852
Luhit	2926
lut	27800
Luz	10242
m'a'ijxëp	2926
m'a'ijxëpën	7316
m'a'ixëp	13168
m'a'oykyë'ë	7316
m'a'oykyë'ëjën	2926
m'a'ukën	2926
m'aaw	185827
m'aawën	4389
m'aawëty	7316
m'aawjoty	7316
m'aay	8779
m'aaytyëëm	7316
m'ajty	29264
m'ajtyën	2926
m'ajuuy	4389
m'ajuy	2926
m'äkë	24874
m'akëëytyuk	4389
m'äkëtëty	2926
m'ako'onën	10242
m'ako'onënëty	7316
m'amay	8779
m'amëtoopy	4389
m'amëtoopyën	4389
m'amëtoow	2926
m'amëtoowëp	7316
m'amëtoowëtëp	2926
m'amëtoowëtëpë	2926
m'amëtoowtëp	4389
m'amëtoowtëpën	11705
m'amëtowëtë	2926
m'amëtowëtëty	7316
m'amëtoyë	2926
m'anajnytsyow	2926
m'anëmë	2926
m'anëty	5852
m'anta'akëty	2926
m'antijpyën	2926
m'any	2926
m'ap	139004
m'ap'ajt	4389
m'ap'ajtëp	4389
m'apëjk	2926
m'apënuuky	5852
m'apëty	8779
m'apojtsë'ëkëtëty	2926
m'apteety	5852
m'aptëjk	19021
m'aptëjkëty	21948
m'atëkoytyë	2926
m'atsipyë	2926
m'ätstë	4389
m'atu'unën	2926
m'awinax	11705
m'awinaxëty	2926
m'awinpijnë	10242
m'awinpijty	2926
m'awinpitëty	8779
m'awinpity	10242
m'axajtukëtëty	2926
m'ay	7316
m'ayajk	20484
m'ayuk	137541
m'ayukën	13168
m'ayukëty	7316
m'ayuu'ajtp	2926
m'ayuu'atë	4389
m'ayuu'atën	2926
m'ayuu'atëty	4389
m'ayuu'aty	2926
m'ëëwij	4389
m'ëk	155100
m'ëkjaty	10242
m'ëkjuuky'ajnëtëty	2926
m'ëkkëpety	8779
m'ëkyajpatnëtë	2926
m'Eliësëty	2926
m'ënä'äm	8779
m'ënä'ämën	162416
m'ënä'ämëtëpën	2926
m'ënä'ämëtëty	2926
m'ënä'ämëty	8779
m'ënä'ämpë	2926
m'ënä'ämtääpy	2926
m'ëna'ana'any	10242
m'ëna'anëp	4389
m'ëna'anëty	26337
m'ëna'antë	139004
m'ëna'antën	11705
m'ëna'antëty	38043
m'ëna'any	141931
m'ëna'anyën	35117
m'ëna'k	136078
m'ëna'k'ajty	5852
m'ëna'k'aty	2926
m'ëna'k'atyën	4389
m'ëna'kën	8779
m'ëna'këty	99498
m'ënaanp	17558
m'ënaanpë	10242
m'ënaanpën	4389
m'ënaanpëty	4389
m'ënantë	10242
m'ënantëp	13168
m'ënantëpë	2926
m'ënantëpëty	2926
m'ënany	8779
m'ënanyën	4389
m'ënaxëtëty	4389
m'ënë'ëmxëtë	23411
m'ënë'ëmxëtën	8779
m'ënë'ëmxëtëty	17558
m'ënë'ëmxëty	36580
m'ënë'ëmxëtyën	5852
m'ëne'emy	2926
m'ëne'emyë	7316
m'ëne'emyën	5852
m'ënëëmëp	5852
m'ënëmääpy	2926
m'ënu'kxë	2926
m'ënu'kxënyë	2926
m'ëtë'ëtsëty	5852
m'ëtë'ëtstë	24874
m'ëtë'ëtstën	4389
m'ëtë'ëtstëty	8779
m'ëtë'ëtsy	45359
m'ëtë'ëtsyën	2926
m'ëtëtsnëtë	4389
m'ëtëtstë	2926
m'ëtsoowinpijtën	2926
m'ëtsoowtë	2926
m'ëtsooy	2926
m'ëtsowëtë	2926
m'ëtsowtë	2926
m'ëtsowtëtyën	2926
m'ëtsoy	2926
m'ëtsoyë	10242
m'ëwa'an'ajtën	2926
m'ëwatsyp	5852
m'ëwëty	2926
m'ëwtajtëp	8779
m'ëwtajtëpën	14632
m'ëwtajtypyën	14632
m'ëwtatantëp	2926
m'ëwtatëp	7316
m'ëwtatyën	4389
m'ëwtë	2926
m'ëwxitëty	7316
m'ëxajëp	2926
m'ëxëëk	48285
m'ëxëëk'ijxëpën	5852
m'ëxëëk'ijxyp	2926
m'ëxëëk'ixëtëty	2926
m'ëxëëkjot	5852
m'ëxëëktu'un	16095
m'ëxmatsa'anëtë	2926
m'ëxmatsa'anyë	7316
m'ëxmatsëtë	4389
m'ëxmatsyë	2926
m'ëxmuk	2926
m'ëxwa'ats	2926
m'ëy	4389
m'ëyo'on	7316
m'ëyo'onpaatëty	2926
m'ëyo'onpaaty	2926
m'ëyow	2926
m'ëyowëty	4389
m'ëyowtë	10242
m'ëyowtën	10242
m'ëyoy	4389
m'ëyoyën	7316
m'ijnëtë	2926
m'ijtakn	2926
m'ijtë	2926
m'ijtp	5852
m'ijx'it	2926
m'ijxëtëp	2926
m'ijxpëjkën	30727
m'ijxpëjkën'ajtypyën	2926
m'ijxpëjkpë'atyë	2926
m'ijxpëjkpëtëjk	16095
m'ijxpëky	2926
m'ijxtëp	11705
m'ijxtëpën	8779
m'ijxyp	24874
m'ijxypyën	7316
m'Israel	2926
m'it	8779
m'ita'antë	4389
m'ita'any	8779
m'itantëp	4389
m'itë	39506
m'itën	24874
m'itëty	86329
m'itëtyën	4389
m'ittëty	7316
m'ity	40969
m'ityën	26337
m'ixantëp	2926
m'ixëp	16095
m'ixëtë	4389
m'ixëtëty	7316
m'ixëty	4389
m'ixjëtijt	7316
m'ixjëtijtyp	4389
m'ixjëtit	2926
m'ixjëtity	4389
m'ixta'atëp	2926
m'ixta'ayë	2926
m'ixtääpy	7316
m'ixtääpyën	2926
m'ixtaayëpën	4389
m'ixtaaytyëp	11705
m'ixtaaytyëpën	4389
m'ixtë	2926
m'ixtëp	8779
m'ixtijtëp	5852
m'ixtijyë	4389
m'ixy'ajtëp	4389
m'ixy'ajtëpën	2926
M'ixy'äjtyp	2926
m'ixy'ätyën	2926
m'ixyë	16095
m'o'kën	2926
m'o'knë	7316
m'o'knëty	5852
m'o'kpë	5852
m'o'kta'atë	2926
m'o'kta'atëty	4389
m'o'ktakn	2926
m'ojëtëty	11705
m'ojyë	2926
m'ok	124372
m'ok'ajtëpën	2926
m'ok'atëtën	2926
m'ok'ëna'k	8779
m'ok'ëna'këty	4389
m'ok'u'unk	17558
m'okën	2926
m'okëty	96571
m'okëtyën	8779
m'on	2926
m'ooka'antë	4389
m'ooka'any	10242
m'ookaanp	5852
m'ookantëp	2926
m'ookëp	7316
m'ookëty	19021
m'ookëtyë	4389
m'ooktë	16095
m'ooktën	4389
m'ooktëp	2926
m'ooktëty	13168
m'ooky	13168
m'oy	2926
m'oy'ajt	2926
m'oyajtën	43896
m'oyëty	7316
m'oyjawëtëp	2926
m'oyjot	33653
m'oyjya'ap	4389
m'oyjya'apën	4389
m'oyjya'awëtëp	5852
m'oyjya'awëyëpën	2926
m'oyjyawëp	2926
m'oyjyawëtëpën	2926
m'oyjyawëtëty	4389
M'oytyunëp	2926
m'oywyinma'any	29264
m'tsatsym	2926
m'tsatym	2926
m'u'unk	422867
m'u'unk'ajt	2926
m'u'unk'ajtënëtëp	2926
m'u'unk'ajtëp	8779
m'u'unk'ajtëtëp	10242
m'u'unk'at	4389
m'u'unk'atëtë	7316
m'u'unk'atëtën	5852
m'u'unkëty	14632
m'u'unyë	4389
m'u'unyëty	2926
m'ujts	23411
m'ukën	7316
m'ukënëty	2926
m'uknëtë	2926
m'uktën	2926
m'uktëp	2926
m'uty	33653
m'utyëty	13168
m'uukëty	7316
m'uuktë	10242
m'uuktën	4389
m'uuktëp	8779
m'uuktëpën	7316
m'uuktëty	13168
m'uuky	13168
m'uukyëty	2926
ma	21838406
ma'a	2926
ma'ajan	2926
ma'any	2926
ma'at	17558
ma'atë	2926
ma'atëty	5852
ma'atpë	8779
ma'atsy	8779
ma'ay	10242
ma'ayë	5852
ma'ayën	14632
ma'ayjoty	2926
Mä'kx	2926
mä'kxën	5852
mä'kxëp	4389
mä'kxkës	2926
mä'kxtujkën	35117
mä'kxtujkp	10242
mä'kxtujkpën	5852
mä'kxtujktëp	2926
mä'kxtuk	2926
mä'kxtuktëp	2926
mä'kxy	4389
ma'tp	2926
mä'tsën	4389
mä'tsp	2926
mä'tspë	64381
mä'tspën	23411
Mä'tsta'atë	4389
mä'tstakn	5852
mä'tstëp	4389
mä'tstëpën	2926
maa	513586
maacá	5852
Maacá	39506
Maacat	2926
maajaty	270693
maajën	8779
Maajën	13168
maajës	61454
maajëty	33653
maakajpn	2926
Maalá	2926
maanë	11705
maanëm	20484
maanëmës	7316
maanik	24874
maanikën	5852
maank	14632
maap	16095
maapaat	11705
maapäjn	14632
maapäjnën	2926
maapäjnkëjxm	4389
maapäjnkëjxy	4389
määpy	20484
määpyë	7316
maas	1002298
Maaseías	33653
maatën	2926
Maatën	7316
maatëp	8779
maatëpën	4389
maatsow	79013
määtstë	2926
Maaxë	7316
maaxën	2926
Maaxën	11705
maay	258988
maayëp	14632
maayëpën	2926
maayëtëp	2926
maayëtëpën	2926
maayëty	24874
maayjotm	2926
maayjoty	4389
maaytyääyëp	16095
maaytyääyëpën	444815
maaytyëp	11705
Maazías	2926
Macedonia	36580
Macpelá	10242
Madai	4389
Madián	100961
Madmaná	2926
Madón	2926
Magdalena	17558
Magdiel	2926
Magog	7316
Mahalalel	10242
Mahalat	4389
Mahanaim	20484
Maharai	4389
Máhat	7316
Mahaziot	2926
Maher	2926
Mahlá	2926
Mahli	21948
Mahlón	7316
maim	4389
majën	2926
majk	447742
majkën	10242
majkës	2926
majkjaty	10242
majkjatypë	4389
majkjatypën	2926
majkmajkts	45359
majkmäjtsk	163879
majkmäjtskpë	11705
majkmokx	222407
majkpë	49749
majkpëky	8779
majkpën	2926
majkta'px	76086
majktaxk	48285
majktaxkëty	4389
majktaxkpë	13168
majktaxkpën	2926
majktëkëëk	109740
majktu'uk	30727
majkwejkxy	23411
majtsëp	5852
mäjtsk	820860
mäjtsk'aaw	2926
mäjtsk'atu'umëty	2926
mäjtsk'it	2926
mäjtsk'ok	8779
mäjtskëty	29264
mäjtskjaty	7316
mäjtskjatyëty	2926
mäjtskpa'a	10242
mäjtskpa'ajëty	20484
mäjtskpajk	2926
mäjtskpë	49749
mäjtskpëkpyë	2926
mäjtskpëky	67307
mäjtskpëkyës	2926
mäjtskwitsy	2926
majtsp	4389
majtspëty	2926
majtstëpën	2926
maju'unëm	48285
maju'unëmës	2926
Maju'unëmës	4389
Malotí	2926
Malquías	24874
Malquiel	4389
Malquisúa	7316
Malta	2926
Maluc	10242
Mamré	16095
maná	27800
Manáhat	4389
Manasés	215091
mandrágoras	4389
Manoa	21948
mansaan	5852
Maón	8779
mapaat	184364
mapaatës	19021
Maquedá	8779
Maquelot	2926
Maquir	32190
Mará	7316
marcabot	2926
Marcos	11705
Mardoqueo	89255
Maresá	11705
Maria	133152
María	2926
marmol	2926
Marta	21948
Masá	13168
Masrecá	2926
Matán	5852
Mataná	2926
Matanías	23411
Matat	2926
Matatá	2926
Matatías	14632
Matenai	4389
Mateo	10242
Matías	2926
Matred	2926
mats	5852
matsa'a	43896
matsa'ajën	2926
matsëtyën	2926
matsow	38043
Matstë	5852
matsy	254598
matsyë	4389
matsyën	4389
matsypë	4389
matsypyën	2926
Matusalén	10242
maxtejky	2926
may	898410
may'äämpy	45359
may'äämpyëty	4389
mayës	10242
mayëtë	2926
mayëtëp	13168
mayëtëpën	2926
mayëtëty	4389
mayëty	10242
mayjä'äyjoty	5852
mayjyä'äy	419941
mayjyä'äyën	42433
mayjyä'äyëty	21948
mayjyä'äyëtyën	5852
mayjyä'äyjotm	10242
mayjyä'äyjoty	23411
mayjyä'äyjyotm	2926
mayjyajtëp	4389
maykyaa	4389
maykyajpn	2926
maykyëwaay	8779
maykyupixynyën	2926
maymyëtsa'a	7316
maymyu'u	13168
maymyu'ujën	2926
maymyuuxy	4389
maynyooty	8779
maypyajk	8779
maypyë	8779
maypyujxn	2926
maytsyiptuunpë	7316
maytsyiptuunpën	4389
maytsyiptuunpëtëjk	7316
maytsyiptuunpëtëjkëty	4389
maytyë	8779
maytyukts	2926
maywyit	4389
më	74623
me'eypyë	2926
më'i'px	8779
më't	4389
me'ty	14632
Mecneías	2926
Medad	2926
Medán	2926
Medë	4389
Medebá	5852
Media	17558
Medos	7316
meeny	567725
meeny'u'unk	8779
meenyën	7316
meenywyä'kxy	2926
mëët	9734734
mëët'ajtëp	14632
mëët'ajtëpën	5852
mëët'ajtyp	21948
mëët'ajtypyën	17558
mëët'at	24874
mëët'atë	16095
mëët'atëp	2926
Mëët'ijtkës	2926
mëëtë	2926
mëëtën	21948
mëëtës	54138
mëëtëty	8779
mëëtëtyën	11705
mëëtkyëjxm	84866
Mëëtmëtya'ak	4389
mëëtmëtya'aktë	2926
mëëtpë	54138
meetsyën	2926
Mëëtxoontaktëkës	2926
meexy	2926
mëëy	26337
mëëyjot	5852
mëëyjoty	2926
mëëykyam	2926
mëëynyak	4389
Mefáat	5852
Mefi	30727
Meguido	17558
Mehetabel	4389
Mehídë	2926
meholá	7316
Mehujael	2926
mëj	1429555
mëj'a'ukën	4389
mëj'äämpy	447742
mëj'äämpyë	48285
mëj'äämpyën	5852
mëj'äämpyës	8779
mëj'äämpyëtypë	8779
mëj'ajt	67307
mëj'ajtën	250208
mëj'ënä'ämpë	159489
mëj'ënä'ämpën	10242
mëj'ix	2926
mëj'ixy	33653
mëjaaw	62918
mëjaawtso'onpën	2926
mëjatyëty	8779
mëjatyëtypë	21948
mëjatypë	8779
mëjën	10242
mëjës	5852
mëjëtypë	52675
mëjëwyiimpë	13168
mëjëwyiinpë	5852
mëjëyëjp	17558
mëjëyëjpë	38043
mëjëyëjpën	4389
mëjja'awën	5852
mëjja'ay	73160
mëjja'ayëtyën	4389
mëjja'aypyë	14632
mëjja'aytyëjk	193143
mëjja'aytyëjkën	4389
mëjja'aytyëjkëty	194606
mëjja'aytyëjkëtyën	7316
mëjja'aytyëjkpaat	2926
mëjjajp	2926
mëjjatyëtypë	17558
mëjjaw	43896
mëjjawë	74623
mëjjawëtë	16095
mëjjëty	11705
mëjjëtyën	2926
mëjjëtypë	5852
mëjjo'kn	2926
mëjjut	4389
mëjkopk	2926
mëjku'u	111203
mëjkutujkën	5852
mëjkutujkpë	2926
mëjmejy	40969
mëjmejyën	27800
mëjmejyjoty	2926
mëjmëtoy	29264
mëjmëyajtën	7316
mëjnëë	219481
mëjnëëjën	196070
mëjnëëjot	2926
mëjnëëjoty	5852
mëjnëëmejy	10242
mëjnëëpa'ajën	8779
mëjpë	178511
mëjpëjkta'ak	2926
mëjpëjkta'aktë	10242
Mëjpëjkta'aktë	13168
mëjpëjktä'äky	7316
mëjpëjktä'äkyë	2926
mëjpëjktakëpën	5852
mëjpëjktaktëp	2926
mëjpoky	11705
mëjpotsy	57065
mëjpotsyën	23411
mëjtëkot	5852
mëjtëkotën	2926
mëjtëkoty	2926
mëjtsaa	32190
mëjtsaajën	7316
mëjtsaakopkën	8779
mëjtsajptëjk	45359
mëjtsajptëjkën	67307
mëjtsajptëkoty	5852
mëjtsim	2926
mëjtsiptuunpë	7316
mëjtu'u	7316
mëjuy	4389
Mëjwa'aktë	2926
mëjwa'kpätë	4389
mëjwiin	172658
mëjwiinpë	16095
mëjwit	7316
Mëjwits	2926
mëjwojny	2926
mejy	136078
mejyën	32190
Mejyën	35117
mejyjoty	49749
mejyjotypë	2926
mejyjyotm	5852
mejyotm	2926
mejypya'ajën	7316
mejypyaat	4389
mejypyë'aay	11705
mejypyë'aaypyë	10242
mejypyë'am	23411
mëk	1106186
mëk'äämpy	32190
Mëk'äämpyës	2926
mëk'ajt	2926
mëk'ajtën	318979
mëk'ajtënmëëtpë	7316
mëkä'äx	14632
mëkä'äxën	4389
mëkä'äxëty	2926
mëkääpyë	10242
mëkajpx	16095
mëkajpxëp	5852
mëkajpxëpën	5852
mëkajpxëtën	4389
mëkajpxëtëty	4389
Mëkajpxmujkta'atë	4389
mëkajpxpë	21948
mëkajpxpës	2926
Mëkajpxta'atë	2926
mëkajpxtë	7316
mëkäjpxyë	7316
mëkën	38043
mëkës	58528
mëkëty	21948
mëkëtyën	20484
mëkëtypë	29264
mëkja'ay	5852
mëkja'aytyëjkëty	2926
mëkjëënpa'amën	2926
mëkjëënpoj	5852
mëkjëyujk	5852
mëkjoot'an	2926
mëkjotmay	4389
mëknëë	4389
mëknëëkom	2926
mëko'px	746236
mëko'pxën	4389
mëko'pxjatypyën	2926
mëko'pxpë	10242
mëkoxk	261914
mëkoxkjatypyën	2926
mëkoxkpë	2926
mëkoxkpëkpyën	2926
mëkoxkpëky	2926
mëkpë	64381
mëkpoj	48285
mëktä'äky	98035
mëktä'äkyës	4389
mëktsë'ëkë	19021
mëktuunk	8779
mëktuupoj	14632
mëktuupojën	2926
mëku'uk	122909
mëku'ukën	10242
mëku'ukëty	39506
mëku'uktëjk	11705
mëku'uktëjkëty	80476
Mëku'uktëjkëty	137541
mëkukajpn	14632
mëkukajpnëty	2926
mëkunaax	17558
mëkwinma'any	5852
mélah	2926
mélec	14632
melón	2926
Melqui	2926
Melquisedec	27800
mëmääpy	2926
mëmaay	5852
mëmajk	2926
mëmajkmäjtsk	13168
mëmajkmokx	11705
mëmajkpë	4389
mëmajkpo'opë	11705
mëmajktaxk	26337
mëmajktaxkpë	38043
mëmajktu'uk	5852
mëmajktu'ukpë	4389
mëmäjtsk	48285
mëmäjtsk'ok	4389
mëmäjtsk'okpë	2926
mëmäjtskjëmëjtpë	4389
mëmäjtskpë	103887
mëmäjtskpëkpyë	2926
mëmäjtskpo'opë	10242
mëmay	65844
mëmëkoxk	8779
mëmëkoxkpë	21948
mëmëta'akëtëty	2926
mëmëtoopy	2926
mëmëtoowëpën	13168
mëmëtoowtëp	4389
mëmëtow	4389
mëmëtowëp	2926
mëmëtowtë	16095
mëmëtowtëp	4389
mëmëtya'ak	13168
mëmiinpy	2926
mëmiintëp	2926
mëmin	4389
Mëmintë	2926
Memucán	4389
Menahem	13168
MENÉ	4389
mënëjkx	4389
Mënëjkx	5852
mënëjkxantëpën	2926
mënëjkxëp	5852
mënëjkxtë	21948
Menfis	11705
menta	2926
mënu'kxta'ak	8779
mënu'kxta'akëtëty	2926
mënu'kxta'aktë	5852
mënu'kxtä'äkyë	2926
mënu'kxy'ajtëpën	4389
mënu'kxy'äjtypyën	2926
mënu'kxy'ätyë	2926
meón	5852
mëpaat	1078385
mëpaat'ajtp	11705
mëpaatëp	27800
mëpaatëpës	19021
mëpaatës	2926
mëpëjkën	147784
mëpëjkënën	11705
mëpëjkënëty	7316
mëpëjkënkyëjxm	7316
mëpëjkp	5852
mëpëjkpë	21948
mëpëjkpën	7316
mëpëjkpëtëjk	200459
mëpëjkpëtëjkën	5852
mëpëjkpëtëjkëty	74623
mëpëjkpëtëjkëtyën	21948
mëpëjktëp	4389
mëpëjktëpën	33653
mëpëk	4389
mëpëktë	27800
mëpëktën	4389
mëpëky	2926
Merab	5852
Meraiot	10242
Merarí	58528
Méred	4389
Meremot	8779
Merib	2926
Meriba	2926
Meribá	14632
merodac	2926
Merodac	2926
Meronot	2926
Mesá	5852
Mesac	10242
Mésec	11705
Meselemías	5852
Mesezabel	4389
Mesías	7316
Mesilemot	2926
Mesopotamia	10242
Mesulam	36580
Mëta'ak	4389
mëta'aka'antë	2926
mëta'akaanp	8779
mëta'akëp	2926
mëta'aktë	2926
mëta'aktëty	4389
mëtä'äky	4389
mëtaj	23411
mëtajëp	4389
mëtäjpyën	2926
mëtajtë	35117
mëtakën	2926
mëtakp	14632
mëtakpën	8779
mëtaktën	4389
mëtaktëp	8779
Mëtänëtë	2926
mëtaxtujk	8779
mëtaxtujkpë	2926
mëtëjk	5852
mëtëkëëk	40969
mëtëkëëk'ok	13168
mëtëkëëk'okpë	2926
mëtëkëëkpë	54138
mëtëkëëkxëëwpë	2926
mëtëkoyë	5852
mëtëkoyën	2926
mëtëtujk	8779
mëtëtujkpë	19021
mëtëy	406772
mëtëyën	48285
mëtëyës	17558
mëtëypyë	165342
mëtëypyën	2926
mëtëypyës	2926
mëti'ipë	28106796
mëti'ipëjaty	81939
mëti'ipëjatyës	4389
mëti'ipën	5852
mëti'ipës	1979722
mëti'ipëty	11705
mëtipë	2926
mëto'owën	36580
mëtoop	5852
mëtoopë	4389
mëtoopën	2926
mëtoopy	2926
mëtoow'ijtëkës	16095
mëtoow'ijtëp	4389
mëtoow'ijtkës	29264
mëtoow'ijtyp	2926
mëtoow'it	98035
mëtoow'itë	52675
Mëtoow'itë	76086
mëtoow'itëp	14632
mëtoowkujkën	2926
mëtoowkukëtë	2926
mëtoowpë	5852
mëtoowtën	2926
mëtoowtëp	4389
mëtoowtëpën	2926
mëtow	4389
Mëtow	7316
mëtowëp	4389
mëtowtë	43896
Mëtowtëp	2926
metrën	4389
metro	2926
mëtsa'a	51212
mëtsa'ajën	11705
mëtsa'akë'ëk	2926
mëtsa'ayä'ämn	2926
mëtsip	175585
mëtsip'ajtëpën	10242
mëtsip'ajtëtëp	2926
mëtsip'ajtëtëpën	4389
mëtsipën	8779
mëtsipës	19021
mëtsipëty	13168
mëtsipëtyën	4389
mëtsiptëjk	21948
mëtsiptëjkëty	13168
mëtsiptëjkëtyën	8779
mëtsiptuuntëpën	2926
mëtsyo'owën	2926
mëtu'k'ok	2926
Mëtu'kpëky	4389
mëtu'kpo'o	2926
mëtu'kpo'opë	13168
mëtu'kxëëw	4389
mëtu'kxëëwpë	8779
mëtu'uk	32190
mëtu'ukpë	35117
mëtu'uye'eytyëpën	2926
mëtuktujk	4389
mëtuktujkpë	4389
mëtuktujkpo'opë	2926
mëtun	8779
mëtunëtë	2926
mëtunëtëty	8779
mëtuntë	7316
Mëtuntë	7316
mëtuntën	2926
mëtuntëp	2926
mëtunyë	7316
Metusael	2926
mëtuumpyën	2926
mëtuun	2926
mëtuunën	8779
mëtuunëpën	27800
mëtuunpë	121446
mëtuunpën	24874
mëtuunpëtëjk	2926
mëtuunpëtëjkëty	8779
mëtuuntëpën	5852
mëtya'ak	4389
mëtya'akëty	5852
mëtya'aktë	4389
mëtyä'äky	43896
mëtyakp	2926
mëtyakpë	20484
mëtyakpën	8779
mëtyaktëpën	4389
mëtyo'owën	4389
mëtyoy	7316
Meunim	5852
mëwë'ëm	2926
mëwëxtujk	10242
mëwëxtujkpë	26337
mëwëxtujkpo'opë	11705
mëwëxtujkxëëwpë	4389
mëwinkon	2926
mëwinkon'ajtëpën	2926
mëwinkon'ajtëtëpën	2926
Mëwinkontë	2926
mëwyiimpë	2926
mëxu'unk	92182
mëxu'unk'ajtën	14632
mëxu'unk'ajtëpën	8779
mëxu'unk'ajtpën	7316
mëxu'unk'atë	23411
mëxu'unk'aty	4389
mëxu'unk'atyën	4389
mëxu'unkën	7316
mëxu'unktëjk	5852
mëxu'unktëjkëty	2926
mëya'axtë	2926
mëyajtën	283862
mëyajtënës	5852
Mëyajtënës	7316
mëyajtpën	7316
Mezaab	2926
Mibsam	4389
Micael	16095
Micaías	106814
Mical	30727
Miclot	2926
Micmás	16095
Micmetat	2926
Migdal	5852
Migdol	8779
Miguel	7316
miimp	96571
miin	11705
miinën	5852
miinpë	2926
miinpën	65844
Miinta'atë	2926
miintaaytyë	2926
miintë	2926
miintën	5852
miintëp	11705
miintëpën	20484
miiny	5852
miits	1957774
miitsës	4389
miitsëty	2146528
miitsëtyën	465300
miitsëtyënë	4389
miitskyëjxm	4389
miitskyëjxmëty	32190
Mijamín	5852
mijts	4895899
mijtsë	5852
mijtsëk	5852
mijtsën	428720
mijtsënë	2926
mijtsës	100961
mijtsëtën	4389
mijtskyëjxm	35117
mijtstëm	5852
mijtsyë	20484
mil	624790
mil'am	4389
Milcá	14632
Milcom	8779
milën	13168
Mileto	4389
miljaty	2926
millon	10242
miló	4389
milpë	5852
milpën	2926
min	134615
minaanp	35117
minaanpën	23411
minaanpës	7316
minantëp	14632
minantëpën	4389
minëpës	2926
minës	58528
minëty	11705
Miniamín	4389
Minit	2926
mintë	36580
Mintë	48285
mintën	2926
mintëty	2926
miny	16095
minyën	2926
Miqueas	4389
mirra	11705
mirrë	4389
Misael	13168
Misia	2926
Mismá	5852
Mispá	19021
Misraim	7316
Misrefot	2926
Mitcá	2926
Mitrídates	2926
mits	5852
Mizá	4389
Mizpá	48285
mjä'ä	29264
mjä'ä'ajtääpy	2926
mjä'ä'ajtëpën	4389
mjä'ä'ajtyp	7316
mjä'ä'ajtypyën	16095
mjä'ä'ata'anëtë	4389
mjä'ä'atäämpy	2926
mjä'ä'atantëpën	16095
mjä'ä'atëp	10242
mjä'äjëty	8779
mja'ajnë	2926
mja'ajnëtë	7316
mja'ajnëtëty	2926
mja'ajta'aktëty	2926
mja'akyukë	2926
mja'akyukëja'antë	2926
mja'akyukëp	2926
mja'akyukëtë	11705
mja'amyäjtstëp	7316
mja'amyätsëp	19021
mja'amyätsëtëty	2926
mja'amyätstëp	4389
Mja'amyätstëp	5852
mja'ap	5852
mja'apën	11705
mja'atyëkoopy	2926
mja'awën	74623
mja'awënëty	2926
mja'awëpën	4389
mja'awëtëp	2926
mja'awëtyëp	2926
mja'awëyëpën	2926
mja'ay	74623
mja'ay'ajtëp	2926
mja'ay'äjtypyën	2926
mja'ay'atë	20484
mja'ay'atën	8779
mja'ay'atëty	33653
mja'ay'atëtyën	2926
mja'ay'äty	14632
mja'ay'ätyën	2926
mja'ayën	4389
mja'ayëty	8779
mja'ayëtyën	2926
mja'ëna'anëp	2926
mja'ëna'antë	2926
mja'ëna'any	8779
mja'ënë'ëmxëtë	2926
mja'të	2926
mja'tën	2926
mja'tënëm	7316
mja'tëty	30727
mja'ty	8779
mjaak	7316
mjaantyajtën	4389
mjaayën	2926
mjaaypyätëty	2926
mjajën	11705
mjajnë	11705
mjajnëtë	10242
mjajtëp	16095
mjamay	4389
mjamo'oyën	2926
mjämy	2926
mjämyëët'ajtëpën	5852
mjanäjyawëtëty	2926
mjanipëtë'ëkëtë	2926
mjanty	20484
mjat	7316
mjata'antë	7316
mjata'any	8779
mjatë	26337
mjatën	7316
mjatëtëty	5852
mjatëty	39506
mjatijäämpy	2926
mjaty	45359
mjawë	14632
mjawëp	2926
mjawëtë	8779
mjawëtëp	2926
mjawëtëty	4389
mjawëty	8779
mjayajpaatë	2926
mjë'ëtë	2926
mjë'ëtëty	2926
mjë'ëy	7316
mjë'ëyën	5852
mjë'kx	2926
mjë'kxëp	8779
mjë'kxtëp	8779
mjë'kxtëpën	2926
mjë'kxy	23411
mjë'kxyëty	2926
mjë'kxyp	2926
mjëëky	100961
mjëëkyëty	2926
mjëën	139004
mjëëntsijtkëty	2926
mjëëytyak	5852
mjëjp	26337
mjëjp'ijxtëpën	5852
mjëjp'ijxypyën	2926
mjëjpën	4389
mjëjpëtsë'ëmxëtëty	2926
mjëjpta'akëty	2926
mjëkyäjptëp	2926
mjëkyejpy	2926
mjëmëjt	5852
mjënakëty	4389
mjëtitë	4389
mjëtitëty	4389
mjëtity	13168
mjëtsy	2926
mjëtu'unëty	2926
mjëwa'akëty	2926
mjëyujk	64381
mjëyujkëty	10242
mjokëty	7316
mjoky	2926
mjoot'an	16095
mjoot'anpëkëty	7316
mjoot'anpëky	13168
mjoot'anpëkyë	2926
mjootjoty	21948
mjootwinpitë	5852
mjootwinpitëty	7316
mjootwinpity	2926
mjot	267767
mjotkujk'ajtën	2926
mjotkujk'atëty	2926
mjotkujk'atyën	2926
mjotkujkëtë	2926
mjotmay	14632
mjotmay'ooktëty	2926
mjotmayëty	8779
mjotmëk'ajtën	2926
mjotmëkmo'ojëtëty	4389
mjoyjyot	2926
mju'tën	4389
mjutiisëty	2926
mjuuky'ajnëtë	2926
mjuuky'ajtëp	2926
mjuuky'ata'antë	4389
mjuuky'ata'any	4389
mjuuky'atë	33653
mjuuky'atën	29264
mjuuky'atëty	111203
mjuuky'atëtyën	5852
mjuuky'attëty	14632
mjuuky'äty	29264
mjuuky'ätyën	16095
mjuukyajtën	54138
mjuukyajtënën	2926
mjuukyajtënëty	21948
mjuutëtë	4389
mjuutëtën	17558
mjuutyë	2926
mjuutyën	2926
mjuy	5852
mjuyäämpy	4389
mka	2926
mka'ajëty	2926
mkä'äkëty	8779
mkä'äktë	2926
mkä'äktëty	2926
mka'atëty	4389
mka'ayën	10242
mka'ëna'anëty	2926
mka'ëtsë'ëkëtëty	2926
mka'ëxmatstëp	4389
mkääky	7316
mkaaxë	2926
mkaaytyëp	2926
mkajpn	152173
mkajpn'ajtëtëp	4389
mkajpn'ajtyp	2926
mkajpn'ajtypyën	5852
mkajpn'ata'anëtë	2926
mkajpnën	90719
mkajpnëty	16095
mkajpnëtyën	35117
mkajpnjotm	4389
mkajpnjoty	4389
mkajpnpa'a	2926
mkajpxa'antë	2926
mkajpxäämpyën	2926
mkajpxëty	7316
mkajpxnaxëp	2926
mkajpxpo'kxëtë	5852
mkajpxpo'kxëtëp	2926
Mkajpxpo'kxëtëp	7316
mkajpxpo'kxtëp	2926
mkajpxtë	7316
mkajpxtëko'oyën	2926
mkajpxtëko'oyënëty	2926
Mkajpxtëkooytyëp	2926
mkajpxtëkoy	2926
mkajpxtën	4389
mkajpxtëp	8779
mkajpxtëpën	10242
mkajpxtëty	7316
mkajpxwijëtë	4389
mkäjpxy	19021
mkäjpxyjyä'äkyukëtë	7316
mkäjpxykyumëtoownaxtë	8779
mkäjpxykyumëtoownaxy	2926
mkäjpxynyajxpëtëjk	8779
mkäjpxyp	4389
mkäjpxypën	2926
mkäjpxytyu'unën	4389
mkäknë	4389
mkakumay	2926
mkakutajëty	2926
mkam	52675
mkamayë	4389
mkamayëtëty	2926
mkamëkäjpxyë	2926
mkamëpaatëtëty	4389
mkamëpëktë	2926
mkamëta'aktë	2926
mkamëty	10242
mkamjotm	7316
mkamwinm	10242
mkaniminëtëty	2926
Mkapëp	2926
mkapo'kxëty	2926
mkawinpita'any	8779
mkäxëtën	7316
mkay	13168
mkayëty	5852
mkaytyë	13168
mkaytyëp	21948
mkaytyëty	7316
mkë'ë	57065
mkë'ë'am'ajtyp	4389
mkë'ëjän	2926
mkë'ëjën	2926
mkë'ëjëty	4389
mkë'ëjiits	2926
mkë'ëjotm	4389
mkë'ëjoty	4389
mkë'ëk	10242
mkë'ëkëjxm	2926
mkë'ëkëjxmëty	2926
mkë'ëkëjxy	4389
mkë'ëkëty	4389
mke'eky	2926
mkë'ëm	13168
mkë'ëm'aaw	4389
mkë'ëm'u'unk	2926
mkë'ëmjot	2926
mkë'ëmkajpnëtyën	4389
mkë'ëmnaax	5852
mkë'ëmwinma'any	2926
Mkë'ëmwinma'any	2926
mkë'ëpuj	2926
mkë'ëwa'axy	2926
mkë'ëyakanëp	4389
mkë'ëyakëtë	2926
mkëjxm'ajtën	7316
mkëjxta'atëty	2926
mkejxyp	2926
mkënu'kxën	10242
mkënu'kxëp	2926
mkënu'kxëpën	2926
mkënu'kxëtë	32190
mkënu'kxëtën	2926
mkënu'kxëtëp	35117
mkënu'kxëtëpën	2926
mkënu'kxëtëty	2926
mkënu'kxy	2926
mkënu'kxyë	8779
mkënu'kxyp	2926
mkëpajk	5852
mkëpajkën	4389
mkëpäjnë	5852
mkëpäjtëp	5852
mkëpäta'any	2926
mkëpätë	23411
mkëpätën	8779
mkëpätëty	20484
mkëpety	26337
mkëpetyë	2926
mkëpetyën	10242
mkepy	19021
mkepyëty	2926
mkëtaw	2926
mkëwent'ajtëp	4389
mkëwent'ajtëpën	4389
mkëwent'ajtëtëp	2926
mkëwent'ajtpë	2926
mkëwent'ajtyp	2926
mkëwent'atë	2926
mkëwent'atëp	5852
mkëwent'atëtë	4389
mkëwent'atëtëp	2926
mkëwent'atëtëty	10242
mkëxë'ëktë	4389
mkëxë'ëky	14632
mkëxja'ajëty	2926
mkexyë	5852
mki'itwinpity	2926
mkijpxni'ikëtëty	2926
mko'knën	2926
mkojtë	2926
mkojyën	7316
mkopk	26337
mkopkën	5852
mkopkëty	7316
mkow	2926
mkoxyë	4389
mKristë	7316
MKristë	2926
mKristëty	2926
mkrukts	2926
mku'ëyo'owëtëp	2926
mku'ijtëyëpën	2926
mku'ixëtë	4389
mku'ookëjantëp	2926
mku'ookëtë	2926
mku'umën	5852
mku'uxëtë	5852
mkujän	5852
mkujeny'äty	2926
mkujuun	2926
mkujuyëtë	2926
mkukajpnëty	4389
mkukäjpxy	7316
mkuma'ay	8779
mkuma'ayën	10242
mkumay	7316
mkumayanëp	2926
mkumeeny'ajnë	2926
mkumeenyajtën	4389
mkumeenytyä'äky	5852
mkunäp	2926
mkunäpëty	4389
mkupëjkpy	5852
mkupëjktëp	5852
mkupëkëp	5852
mkupixyny	24874
mkupixynyëty	14632
mkutajë	2926
mkutajëtë	2926
mkutë'kxëtëty	2926
mkutëkëtëty	2926
mkutëkëty	2926
mkutëkooytya'atë	8779
mkutëkoy	5852
mkutujkën	48285
mkutujkpë	2926
mkutujkpëtëjk	2926
mkutujktakn	20484
mkutujktaknën	21948
mkuuy'iy	2926
mkuuyä'äxyë	2926
mkuuytyuntëp	4389
mkuuytyuuntëp	2926
mkuwa'anëtëp	5852
mkuwa'anyë	2926
mkuwäämpyën	2926
mkuwaay	2926
mkuwaayëty	4389
mkuwanëp	2926
mkuxë	2926
mkwaay	2926
mma'ajëty	2926
mma'atë	5852
mma'ay	7316
mma'ayën	7316
mmaank	40969
mmaankëty	5852
mmaapäjn	10242
mmääpy	5852
mmäätsëty	7316
mmaay	5852
mmaaytyääyëp	2926
mmaaytyëp	5852
mmajts'ijtyp	2926
mmay	33653
mmayëty	2926
mmaytyë	33653
mmaytyën	8779
mmaytyëty	14632
mmeeny	21948
mmëët'ajtëp	14632
mmëët'ajtëpën	13168
mmëët'ajtk	2926
mmëët'ajtyp	10242
mmëët'ajtypyën	19021
mmëët'atë	2926
mmëët'atëp	5852
mmëët'atyë	4389
mmëj'ajt	20484
mmëjaaw	11705
mmëjaawëty	2926
mmëjajtën	35117
mmëjja'ayënë	2926
mmëjjaw	8779
Mmëjpëjkta'aktë	32190
mmëkä'äx	5852
mmëkä'äxëty	2926
mmëkä'äxtëjk	19021
mmëkajpxanëtëp	2926
mmëkajpxëty	2926
mmëkajtën	45359
mmëku'uk	130225
mmëku'uk'ajtëm	2926
mmëku'uk'ajtëmë	2926
mmëku'ukëty	16095
mmëku'ukëtyën	2926
mmëku'uktëjk	14632
mmëku'uktëjkën	2926
mmëku'uktëjkëty	10242
mmëkukajpn	7316
mmëkunaax	7316
mmëmääpy	4389
mmëmay	10242
mmënëjkxtëp	2926
mmëpëjkën	21948
mmëpëjkënëty	7316
mmëpëjkëpën	2926
mmëpëjkpy	10242
mmëpëjktëp	5852
mmëpëktë	11705
mmëpëky	2926
mmëta'akëty	2926
mmëta'aktë	4389
mmëtä'äky	5852
mmëtä'äkyën	2926
mmëtaj	2926
mmëtajëtë	2926
mmëtäjpy	4389
mmëtajtëp	2926
mmëtoow'ijtëp	2926
mmëtoowtëp	4389
mmëtoowtëpën	4389
mmëtowëp	2926
mmëtowtë	5852
mmëtsip	87792
mmëtsip'ajtëpën	4389
mmëtsipën	7316
mmëtsipës	7316
mmëtsipëty	5852
mmëtsiptëjk	20484
mmëtunëtëty	5852
mmëtuntë	2926
mmëtuny	5852
mmëtunyë	5852
mmëtunyën	2926
mmëtuunëp	2926
mmëtuunëpën	7316
mmëtuunëtëpën	2926
mmëtuunpë	4389
mmëtya'aktëty	5852
mmëtyä'äky	4389
mmina'any	5852
mminëty	10242
mmintë	4389
mmintëty	4389
mminy	5852
mmo'oja'anëtë	7316
mmo'ojanëp	5852
mmo'ojanëpën	2926
mmo'ojanëtëp	5852
mmo'ojëtë	38043
mmo'ojëtën	10242
mmo'ojëtëp	14632
mmo'ojëtëty	20484
mmo'oyë	13168
mmo'oyën	7316
mmontë	16095
mmontëty	2926
mmooyë	2926
mmooyën	4389
mmooyëpën	4389
mmooyëtën	2926
mmooyëtëp	2926
mmooyëtëpën	7316
mnaax	299958
mnaaxëty	4389
mnaaxjotmën	5852
mnaaxjoty	5852
mnaaxtëkë	5852
mnaaxwäätsëty	5852
mnaaxwiinyëtë	2926
mnaaxwinyëtë	4389
mnajts'ëw	2926
mnajts'ëyowëtëty	4389
mnajts'ixëty	2926
mnajxmukëty	2926
mnajxnë	2926
mnajxp	4389
mnäjyawëtëty	29264
mnäjyawëty	26337
mnäjyawëtyën	5852
mnäjyotmaytyunyë	2926
mnäkyë'ëmëkityë	2926
mnäkyë'ëyaka'anyë	2926
mnäkyë'ëyakëtëty	4389
mnäkyë'ëyäkyë	2926
Mnäkyëwent'atëtëp	4389
mnäkyëwent'atëtëty	8779
mnäkyo'okëtëty	5852
mnäkyo'okyë	4389
mnäkyoxtënaaytya'akëtëty	2926
mnäkyuwa'anëtëty	2926
mnämyä'äy	2926
mnämyätsyën	2926
mnämyäyën	8779
mnämyäyëtën	2926
mnämyäyëtëty	2926
mnämyëjpëjkta'akëtëty	2926
mnämyëtsëpa'an'atyën	2926
mnämyëtsip'atëtë	2926
mnantsëm	2926
mnantsëmëty	2926
mnänyimëtyä'äkyë	4389
mnäpyaatëtëty	2926
mnäpyäätyë	4389
mnäpyajëtityën	2926
mnäpyëjkta'akëtë	7316
mnäpyëjkta'akëtën	10242
mnäpyëjkta'akëtëty	19021
mnäpyëjktakë	5852
mnäpyëjkwa'kxëtëty	2926
mnäpyiky	2926
mnaskajpxëtë	2926
mnatsujk'ëwtijtëp	2926
mnätsyokëtëty	4389
mnätsyokyën	11705
mnätyajxëty	2926
mnätyijëtë	5852
mnätyijyë	5852
mnätyukë'ëtëkëtë	2926
mnätyukmëjja'awëyëp	2926
mnätyukmëmëta'akëtëty	5852
mnätyukputëkëtëp	2926
mnatyukunaxëtëpën	2926
mnätyukwin'ëënëtëty	14632
mnätyukwin'ëënyë	4389
mnätyukxoxëtëpën	2926
mnätyukxoxëtëty	2926
mnätyukyaj'ëxëëkëtëty	2926
mnätyukyajmëjnaxëtëty	2926
mnätyukyajmëjnaxyë	2926
mnätyunëtëty	2926
mnätyunyë	2926
mnäwyin'ëënëtëty	4389
mnax	2926
mnaxa'any	4389
mnaxëty	8779
mnaxtë	10242
mnaxtën	8779
mnaxtëty	11705
mnaxy	5852
mnaxyën	7316
mnäxyoxyë	2926
mnäy'ixjenyë	2926
mnäy'oj	4389
mnäy'oyjyawëtëty	2926
mnäya'axëtëty	2926
mnäyaj'itëtë	5852
mnäyaj'itëtëty	10242
mnäyaj'ityë	2926
mnäyajjoot'anpëkyë	2926
mnäyajnaxëtë	8779
mnäyajnaxëtëty	13168
mnäyajnaxyë	8779
mnäyajtso'okëtëty	2926
mnäyajtunyë	2926
mnäyjä'äypyikyën	2926
mnäyjyawëtë	16095
mnäypyëjktä'äkyë	16095
mnäyu'utsëtë	4389
mnäyu'utsëtëty	7316
mnäyu'utsyë	5852
mnäywya'këxë'ëkëtëty	2926
mnë'ë	21948
mne'pny	5852
mnëë	20484
mnëë'uukëty	5852
mnëëjëty	4389
mnëëjoty	2926
mnëëpäta'antë	2926
mnëëpätë	5852
mnëëpätëty	5852
mnëëtsiiyë	2926
mnëëx	29264
mnëëxëty	10242
mnëjkxa'antë	5852
mnëjkxa'any	8779
mnëjkxa'anyën	2926
mnëjkxaanp	2926
mnëjkxëp	2926
mnëjkxëty	100961
mnëjkxp	2926
mnëjkxtë	17558
mnëjkxtëp	2926
mnëjkxtëty	54138
mnëjkxy	21948
mnëjkxyën	5852
mnëmääpy	2926
mnëmaayëtëp	7316
mnëpëkax	2926
mnëtsujkpyën	2926
mnëxi'ik	5852
mnëxuy	2926
mni	16095
mni'ë'ënëyëpën	5852
mni'ëënëtëty	2926
mni'ëënëty	4389
mni'ënä'ämëpën	10242
mni'iptë	2926
mni'iptëpën	2926
mni'iptëty	2926
mni'ipy	2926
mni'kx	24874
mnija'ap	89255
mnija'apën	5852
mnija'awëtëp	51212
mnija'awëtëpën	2926
mnija'awëtyääpy	2926
mnija'awëtyëp	19021
mnija'tëtë	2926
mnijawëp	16095
mnijawëtëp	10242
mnijuuky'atëpën	2926
mnikajpx	10242
mnikajpxäämpyën	2926
mnikajpxën	2926
mnikajpxëp	2926
mnikajpxtëp	4389
mnikajpxtëpën	5852
mnikäjpxy	10242
mnikäjpxyë	4389
mnikäjpxyp	5852
mnikäjpxypën	16095
mnimä'kxëtën	2926
mnimä'kxëtëty	5852
mnimay	2926
mnimay'atë	4389
mnimayëtë	2926
mnimayëtëty	4389
mnimeenyën	2926
mnimëtya'akëp	4389
mnimëtya'akëtë	2926
mnimëtya'akëtëty	8779
mnimëtyä'äkyë	4389
mnimëtyä'äkyën	7316
mnimëtyakëpën	2926
mnimëtyäkpy	5852
mnimëtyäkpyën	8779
mnimëtyaktëp	2926
mnimëtyaktëpën	2926
mnimiinëpën	2926
mnimiintëp	2926
mnimina'anyë	2926
mniminanëpën	2926
mniminanëtëp	4389
mniminëtë	7316
mniminëtëty	5852
mniminyë	27800
mniminyën	4389
mnimu'ux	2926
mnini'kx	62918
mnini'kxën	4389
mnini'kxëty	7316
mnini'kxëtyën	5852
mnipaye'eyën	5852
mnipaye'eyëp	2926
mnipëtë'ëkëtë	2926
mnipëtë'ëkëtëty	7316
mnitëjkëyëp	2926
mnitëkëtëty	2926
mnitsiptunanëtëp	2926
mnitso'oky	2926
mnitsokën	4389
mnitsoonyë	2926
mniwa'akantëpën	8779
mniwa'ats	4389
mniwintsën'ajtyp	2926
mniwintsën'atëp	4389
mnixëëwtuntëp	2926
mniye'etyëjk	17558
mniye'etyëjkën	2926
mniye'etyëjkëty	2926
mniye'eypyätën	2926
mnokyën	4389
mnu'kxtakën	4389
mnu'kxtakënëty	2926
mnu'kxy	2926
mo'o	32190
mo'oja'anëtë	10242
mo'oja'anëtën	2926
mo'oja'anyë	8779
mo'ojäämpy	2926
mo'ojäämpyën	2926
mo'ojanëp	4389
mo'ojanëpën	2926
mo'ojanëtëp	4389
mo'ojanëtëpën	27800
mo'ojantëpën	4389
Mo'ojëp	2926
mo'ojëtë	14632
mo'ojëtën	10242
mo'ojëtëp	5852
mo'ojëtëty	7316
mo'onën	2926
mo'onts	43896
mo'ontsën	8779
mo'ontsjot	4389
mo'ontsjoty	7316
mo'otë	17558
Mo'otë	21948
mo'otëp	2926
mo'otëpën	7316
mo'oyë	19021
mo'oyën	2926
moab	7316
Moab	272157
moapja'ayëtyën	2926
Moisés	1302256
Moisesën	2926
Moisésën	19021
mok	4389
mokx	2926
Moladá	4389
Moloc	11705
mon	297031
monpë	2926
mony	5852
monyë	5852
monyëtukyë	70234
monytsyapts	4389
moonëp	2926
Moonëpës	4389
moonp	10242
moonpë	17558
moontëp	7316
mootyë	4389
Mooyë	2926
mooyëp	19021
mooyëpën	10242
mooyëtë	4389
mooyëtën	7316
mooyëtëp	14632
mooyëtëpën	17558
mooykyës	71697
Mooytyëk	4389
mooytyëkës	4389
Mooytyëkës	10242
mooytyëpën	4389
mooywyimpitëtëty	2926
Moré	4389
Moréset	2926
Moriah	2926
Mosá	8779
Moserot	2926
mostasë	5852
mostazëpajkën	2926
mox	2926
moxkeetsyëty	2926
moxkeetsyëtyën	5852
mpa'am	2926
mpa'at'ixy	2926
mpa'ëyoopy	2926
Mpa'ëyoopyës	4389
mpa'ëyow	4389
mpa'ëyowa'antë	5852
mpa'ëyowa'any	7316
mpa'ëyowa'anyës	2926
mpa'ëyowäämpyës	4389
mpa'ëyowëp	2926
mpa'ëyowëtë	8779
mpa'ëyowëtëp	2926
mpa'ëyoy	2926
mpa'ëyoyë	2926
mpa'tëjkëmë	2926
mpaan	2926
mpaat'ajtëp	2926
mpaata'any	7316
mpaata'anyës	2926
mpaatäämpy	4389
mpaatantëpën	2926
mpaatë	4389
mpaatëp	14632
mpaatëtë	11705
mpaatëtën	7316
mpaatëtëty	5852
mpaatëty	4389
mpaatyë	14632
mpajëtijtëtëp	2926
mpajëtijtypyën	2926
mpajëtitanëp	2926
mpajëtityë	4389
mpajëtitypyën	2926
mpajk	4389
mpanajxën	2926
mpanëjkxantëp	2926
mpanëjkxëtëty	5852
mpanëjkxëty	4389
mpanëjkxtëjkëtyëp	2926
mpanëjkxtëp	4389
mpanëjkxtëty	4389
mpanëjkxyp	2926
mpapo'ojëtëty	2926
mpatäämpy	5852
mpatë	2926
mpatëmë	5852
mpatëp	46822
mpatëpën	13168
mpatës	4389
mpatëtëp	8779
mpatëtëpën	2926
mpätëty	7316
mpatmëp	4389
mpatmëty	2926
mpatoy	2926
mpatso'ontä'äky	2926
mpatsonäämpy	2926
mpatunëp	4389
mpatuntë	2926
mpatuntëp	13168
mpatuntëty	2926
mpatuunpy	8779
mpatuuntëp	20484
mpaty	2926
mpatyp	7316
mpatypyën	2926
mpaye'ey	2926
mpaye'eyä'äny	4389
Mpaye'eyäämpyës	7316
mpaye'eyëtëty	2926
mpaye'eyëty	2926
mpë'aay	4389
mpëjkë'ëky	2926
mpëjkëja'any	4389
mpëjkëja'anyës	2926
mpëjkëjäämpyës	2926
mpëjkëp	2926
mpëjkëtëp	2926
mpëjkëtëty	5852
mpëjkëty	2926
mpëjkmëty	2926
mpëjkpy	2926
mpëjkta'aka'any	14632
mpëjkta'akäämpy	2926
Mpëjkta'akäämpyës	4389
mpëjkta'akëp	13168
mpëjkta'akëpën	4389
mpëjkta'akëtëty	2926
mpëjkta'aktë	10242
mpëjkta'aktëp	2926
mpëjktä'äky	58528
mpëjktä'äkyë	11705
mpëjktä'äkyën	5852
mpëjktä'äkyës	11705
mpëjktä'äkyëty	21948
mpëjktakë	2926
mpëjktakëmë	2926
mpëjktakmëty	5852
mpëjktäkpy	5852
mpëjktakta'atë	2926
mpëjktäky	2926
mpëjktsoopy	14632
mpëjktsoowtëp	4389
mpëjktsowa'anyës	2926
mpëjktsowäämpy	5852
mpëjkxëtë	2926
mpëjkxëty	2926
mpëjky	4389
mpëjykyamën	2926
mpëkäämpy	4389
mpëkäämpyën	7316
mpëkëp	2926
mpëkëpën	2926
mpëkëtën	2926
mpëkëty	8779
mpëktë	4389
mpëktëp	5852
mpëktëpën	4389
mpëktëty	10242
mpëky	27800
mpëkyë	5852
mpëkyëty	7316
mpën	20484
mpënmës	4389
Mpënxën	2926
mpeny	2926
mpëtë'ëktëty	2926
mpëtë'ëky	7316
mpëtë'kojëty	2926
mpëtsëmëty	17558
mpety	4389
mpi'k	2926
mpo'kxëty	10242
mpo'kxtë	5852
mpo'kxtëp	2926
mpo'kxtëty	7316
mpo'kxtëtyën	2926
mpo'kxy	5852
mpo'kxyën	2926
mpo'o	2926
mpo'oxtë	2926
mpo'oxy	4389
mpojkëp	2926
mpojy	5852
mpok	2926
mpokëtëty	4389
mpoky	77550
mpoky'ajtëmë	2926
mpoky'ixëtëty	4389
mpokyën	4389
mpokyëty	40969
mpokykyëjxmëty	2926
mpokymyä'kxa'anëtë	4389
Mpokymyä'kxëp	2926
mpokymyä'kxtëp	2926
mpokymye'kxy	5852
mpokytyunëty	4389
mpokytyuntë	16095
mpokytyuntëty	5852
mpokytyuny	11705
mpoop	4389
mpoox'ëtë'ëtsy	2926
mpotsy	8779
mpotsyën	2926
mpu'ts	4389
mpujnë	4389
mpujxn	13168
mpupäjtën	7316
mputëjk	7316
mputëjkën	5852
mputëjkëyëpën	4389
mputëkë	5852
mputëkëja'anëtë	2926
mputëkëja'antë	2926
mputëkëja'any	5852
mputëkëja'anyë	5852
mputëkëjanëp	5852
mputëkëjanëtëp	5852
mputëkëp	4389
mputëkëtë	13168
mputëkëtëp	11705
mputëkëtëty	19021
mputëkëty	14632
mputëkëtyën	2926
mputëty	2926
mputsk	2926
mpuxtëtyës	2926
mtaak	71697
mtaakëty	5852
mtaja'antë	2926
mtajën	4389
mtajënëty	2926
mtajëty	5852
mtajk	11705
mtajpë	2926
mtäjpy	4389
mtäjpyën	5852
mtajtë	36580
mtajtën	11705
mtajtëp	8779
mtajtëpë	2926
mtajtëpën	7316
mtajtëty	19021
mtajy	33653
mtajyë	2926
mtajyën	2926
mtänën	5852
mtänëtë	2926
mtatsk	11705
mtatskëty	2926
mtatsktëy	5852
mtatsktëyëty	2926
mtatwelë	4389
mtë'kxën	11705
mtëëmpt	2926
mtëëtsë	5852
mteety	174121
mteety'ajt	7316
mteety'atëty	5852
mteetyën	8779
mteetyëty	19021
mtëjk	43896
mtëjk'aaw	7316
mtëjkën	99498
mtëjkënë	2926
mtëjkëty	14632
mtëjkëtyën	46822
mtëkë	7316
mtëkëtë	8779
mtëkëtën	2926
mtëkëtëty	26337
mtëkëty	20484
mtëko'oyën	7316
mtëkooynyë	7316
mtëkoty	8779
mtëkoy	7316
mtëkoy'ajtxëtëty	7316
mtëkoyën	2926
mtëkoyëty	4389
mtëkoytyë	4389
mtekpyujtëty	2926
mteky	16095
mtekyëty	5852
mtëts	2926
mtëtsykyëty	4389
mtëy'ajtënën	2926
mtëyajt	2926
mtëyajtën	160953
mtëypyujxn	13168
mtëypyujxnëty	4389
mtëytyu'unën	4389
mtëytyuna'anyë	2926
mtëytyunëtë	4389
mtëytyunëtëp	2926
mtëytyunëtëty	2926
mtëytyuny	2926
mtëytyunyë	2926
mti'pxn	14632
mtijëtë	4389
mtijëtëty	4389
mtijpy	5852
mtijpyën	2926
mtijtëp	2926
mtijtëpën	4389
mtijyë	5852
mtikts	2926
mtimjyootanpëky	2926
mtimjyuuky'atë	2926
mtimjyuuky'atëty	2926
mtimnyäjya'awënë	2926
mtimnyäyajnaxëtë	2926
mtimnyäyjyawëtëty	2926
mtimnyëjkxëty	4389
mtimnyijkxy	2926
mtimpyaat	2926
mtimtsyë'ëkëtëty	4389
mtimtsyë'ëkëty	5852
mtimtsyojkpy	5852
mtimtsyojkpyën	2926
mtimtyuk'ijxpäjtëp	2926
mtimwyinkoonëtë	5852
mtimy'ëna'antëty	2926
mtimy'ënä'äny	2926
mtimy'itëty	5852
mtimy'ixëp	2926
mtimyajpaatë	2926
mtimyajpaatëty	5852
mtimyyajpaatëty	5852
mtios	4389
mTios	29264
mTios'ajtëp	2926
mTios'ajtëpën	2926
mTios'ajtp	5852
mTios'ajtypyën	24874
mTios'aty	21948
mTiosajtëpën	105351
mtiosëty	7316
mTiosëty	23411
mTiosëtyën	4389
mto'kpy	2926
mto'oxy'ëna'këty	2926
mto'oxytyëjk	61454
mto'oxytyëjkën	2926
mto'oxytyëjkëty	14632
mtojkxëty	2926
mtonëty	2926
mtontë	2926
mtookëty	4389
mtooky	8779
mtsaay	2926
mtsajp	2926
mtsajpëkaxtë	2926
mtsajpkaa	35117
mtsajpkaajëty	24874
mtsajpkaajëtyën	2926
mtsajpkääky	5852
mtsajpmok	5852
mtsajpmokëty	2926
mtsajppax	20484
mtsajppaxëty	8779
mtsajptëjk	21948
mtsajptëjkën	38043
mtsatsym	5852
mtsatym	8779
mtsatymkyamëty	5852
mtsë'ë	7316
mtsë'ëkë	38043
mtsë'ëkëtë	42433
mtsë'ëkëtëp	2926
mtsë'ëkëtëty	36580
mtsë'ëkëty	51212
mtsë'këp	2926
mtsë'këtyëpën	2926
mtsë'këyëp	2926
mtsëëm'ijtypyën	2926
mtsëënë	8779
mtsëënëja'antën	2926
mtsëënën	16095
mtsëënëtë	8779
mtsëënëtën	16095
mtsëënëtëty	7316
mtsëënëty	5852
mtsëënëtyën	2926
mtsëmy	2926
mtsënaaynyëtë	4389
mtsënaaytyakn	5852
mtsënaaytyaknpëktë	4389
mtsënaaytyaknpëktëty	5852
mtsëpa'an	4389
mtsëpa'anëty	2926
mtsëtyunëty	2926
mtsëtyuntë	2926
mtsëtyuntëty	2926
mtsëtyuny	4389
mtsëtyut	5852
mtsi'iy	2926
mtsi'tsk	11705
mtsim	2926
mtsip	24874
mtsiptuna'antë	8779
mtsiptunëty	4389
mtsiptuntë	19021
mtsiptuntëty	5852
mtsiptuny	5852
mtsiptunyën	2926
mtsiptuunpë	5852
mtsiptuunpëtëjk	29264
mtsiptuunpëtëjkëty	2926
mtso'oka'any	4389
mtso'okëty	13168
mtso'oktën	2926
mtso'oktëty	4389
mtso'oky	17558
mtso'ontë	14632
mtso'ontën	5852
mtso'ony	2926
mtsojkën	68770
mtsojkën'ajtëp	5852
mtsojkën'ajtëpën	4389
mtsojkën'ajtyp	5852
mtsojkën'ajtypën	7316
mtsojkënkyëjxm	2926
mtsojkëp	4389
mtsojkëpën	5852
mtsojkëtëp	8779
mtsojkëtëpën	2926
mtsojkpy	58528
mtsojkpyën	10242
mtsojktääpy	2926
mtsojktëp	35117
mtsojktëpën	7316
mtsokëtë	10242
mtsokëtëty	4389
mtsoktë	2926
mtsoktëp	2926
Mtsoktëp	2926
mtsoky	7316
mtsokyë	7316
mtsoonëty	16095
mtsoontë	10242
mtsoontëty	11705
mtsoony	14632
mtsoonyën	4389
mtsoowpaatë	5852
mtsu'utëjk	2926
mtsu'utstëp	2926
mtsu'utyë	2926
mtsuj'ajtën	2926
mtsujëty	5852
mtsumjyä'äy	2926
mtsuu	2926
mtsuu'at	2926
mtu'kä'äx'atën	2926
mtu'ts	2926
mtu'u	32190
mtu'ujën	19021
mtu'ujëty	7316
mtu'ujëtyën	7316
mtu'ukmuktë	2926
mtu'unënëty	2926
mtu'upëktëty	4389
mtu'uwinm	5852
mtu'uwinmëty	4389
mtu'uwinwoopy	2926
mtu'uwinwoowëp	2926
mtu'uwinye'eyëtë	2926
mtu'uwinye'eyëtëp	2926
mtu'uwinye'eyëtëpën	4389
mtu'uye'eytyë	2926
mtujkxy	14632
mtujkxyëty	4389
mtuk'ënä'ämëp	2926
mtuk'ënä'ämëtën	7316
mtuk'ënë'ëmxëty	2926
mtuk'ëne'emyë	4389
mtuk'ëne'emyën	8779
mtuk'ënu'kxyp	4389
mtuk'ëwa'anëp	4389
mtuk'ëwa'anxëtë	4389
mtuk'ëwa'anxëtën	2926
mtuk'ëwa'anxëty	4389
mtuk'ëwaanëjanëtëp	4389
mtuk'ëwaanëtëp	4389
mtuk'ëwaanëtëty	2926
mtuk'ijtëpën	2926
mtuk'ijxpäjtëp	7316
mtuk'ijxpäjtëpën	10242
mtuk'ijxpëjkëtëp	2926
mtuk'ijxpejtyp	4389
mtuk'ijxpëkëp	2926
mtuk'ijxpëkëtë	2926
mtuk'ijxpëkyën	2926
mtuk'ixëp	7316
mtuk'ixëtë	4389
mtuk'ixtëp	5852
mtuk'ixyë	4389
mtuk'oy'atantëp	5852
mtuk'oy'atëpën	2926
mtuk'oy'attëpën	2926
mtuk'oytyunëp	13168
mtuk'oytyuntëp	2926
mtuka'ajëp	2926
mtukajpxpätëp	2926
mtukë'ëtëkëty	2926
mtukëta'akëtëty	2926
mtukëty	2926
mtukja'amyätsëtëp	2926
mtukja'tëtë	4389
mtukja'tëtëty	5852
mtukja'tyë	2926
mtukjokyë	2926
mtukjoot'anpëkëtë	5852
mtukjoot'anpëkëtëty	4389
mtukjoot'anpëkyë	4389
mtukjotkujk'ajtyp	4389
mtukjuuky'atëp	2926
mtukjuuky'atëpën	2926
mtukjuyëp	2926
mtukmëjuuyëp	5852
mtukmëkajpxëtëty	2926
mtukmëkäjxëyëpën	2926
mtukmëmëtya'akëp	2926
mtukmëmëtya'akëtë	2926
mtukmëtuuntëkoyëtë	2926
mtukmin	4389
mtuknaxäämpy	2926
mtukni	21948
mtuknijawëtë	7316
mtuknijawëtëp	10242
mtuknijawëtëty	4389
mtuknijawëty	5852
mtuknikäjxëtëp	11705
mtuknikäxëtë	10242
mtuknikäxëtëty	2926
mtuknipëjktakëpën	2926
mtuknipëkëp	4389
mtuknixijkxëp	2926
mtukpaatëtë	2926
mtukpaatëtëty	4389
mtukpotstëp	2926
mtuktë	13168
mtuktën	2926
mtuktëty	4389
mtuktunëtë	2926
mtukunaxtëpën	7316
mtukutsumëp	2926
mtukwintsë'ëkëjäämpyën	2926
mtukwintsë'ëkëtëpën	4389
mtukwinwanëtyën	2926
mtukxëëwatëpën	2926
mtukxi'ikëtëty	5852
mtukxi'ikyë	4389
Mtukxoonta'akäämpy	2926
mtukxoonta'akëp	2926
mtukxoonta'akëtëty	2926
mtukxoonta'aktëp	2926
mtukxoontä'äkyë	4389
Mtukxoontakëp	2926
mtukxu'uxtëp	2926
mtuky	4389
mtukyä'äxy	2926
mtun	7316
mtuna'anëtë	4389
mtunäämpy	17558
mtunäämpyën	7316
mtunantëp	4389
mtunëp	32190
mtunëpën	11705
mtunëtë	7316
mtunëtën	11705
mtunëtëty	17558
mtunëty	23411
mtuntë	5852
mtuntën	5852
mtuntëp	38043
mtuntëpën	2926
mtuntëty	5852
mtuny	16095
mtunyë	19021
mtunyën	10242
mtuumpy	32190
mtuumpyën	4389
mtuunën	4389
mtuunëpën	2926
mtuunk	24874
mtuunk'ajtëp	4389
mtuunkëty	5852
mtuunkmo'ojëtë	2926
mtuunmukyën	13168
mtuunpë	111203
mtuunpë'ajtypyën	2926
mtuunpën	2926
mtuunpëtëjk	29264
mtuunpëtëjkëty	5852
mtuunpëty	2926
mtuunpyën	16095
mtuuntääpy	2926
mtuuntëko'oy	4389
mtuuntëkoy	4389
mtuuntëkoytyë	5852
mtuuntëp	39506
mtuuntëpën	20484
mtyäty	5852
mu'tpën	5852
mu'u	24874
mu'ujën	5852
mu'ujëty	2926
mU'unk'ajtëp	4389
mujxp	2926
mujxpën	2926
mukëp	2926
mukëpën	2926
mukëtëp	7316
mukpën	17558
Musi	16095
Musri	4389
mutsk	105351
mutskëty	2926
mutskëtypë	30727
mutskja'ay	11705
mutskja'ayëty	5852
mutskja'aypyë	5852
mutskjaty	2926
mutskjatyëty	8779
mutskjatyëtypë	11705
mutskjatypë	13168
mutsknëm	21948
mutsknëmën	2926
mutsknëmëty	2926
mutskpë	102424
mutskpën	2926
mutsktëkot	4389
muum	845735
muumëty	5852
muup	2926
muutsy	23411
muuxy	35117
mwa'ak'oyë	4389
mwa'ak'oyëty	7316
mwa'anëty	2926
mwa'ats	8779
mwa'atsajtën	7316
mwa'atsëty	4389
mwa'atsy	2926
mwaantakën	5852
mwaay	17558
mwaayëty	2926
mwë'ëma'antë	8779
mwë'ëma'any	8779
mwë'ëmaanp	2926
mwë'ëmëty	20484
mwë'ëmtë	17558
mwë'ëmtëty	17558
mwë'ëmy	14632
mwëën	5852
mwëëty	2926
mwiin	65844
mwiinjoty	5852
mwiinnëë	5852
mwijtswinpitëtë	2926
mwijy	5852
mwijyajtën	8779
mwijyëty	7316
mwin'ë'ënëtëp	2926
mwin'ë'ënëtëpën	4389
mwin'ëën	2926
mwin'ëënëtë	10242
mwin'ëënëtëty	5852
mwin'ëëntë	7316
mwin'ëëny	2926
mwin'ëënyë	4389
mwin'ëw	7316
mwin'ëy	5852
mwin'ijxën	7316
mwin'ijxtëp	2926
mwin'ixëtë	11705
mwin'ixyë	7316
mwinjawëp	2926
mwinkontë	2926
mwinkoxtänëtëty	4389
mwinkoxtänëty	4389
Mwinkutsë'ëkëp	2926
Mwinkutsë'ëkëtëp	2926
mwinkutsë'ëkëtëty	8779
mwinkuwa'akëty	2926
mwinma'any	109740
mwinma'anyën	13168
mwinma'anyëty	51212
mwinma'anyëtyën	16095
mwinma'anyjoty	13168
mwinma'anyjyotyëty	7316
mwinma'anymyo'ojëtë	2926
mwinma'anytyëkoy	2926
mwinmaaytyëkatstë	2926
mwinpätë	2926
mwinpätëty	5852
mwinpëtsë'ëm	8779
mwinpëtsëma'anxëtë	2926
mwinpijtp	4389
mwinpitë	2926
mwinpitëty	35117
mwinpity	7316
mwinpokëjxm	2926
mwinpokëjxmëty	2926
mwinpujy	2926
mwintsë'ëkëtëty	5852
mwintsë'kën	5852
mwintsë'kënëty	4389
mwintsë'këntyakn	8779
mwintsë'këntyaknën	5852
mwintsën	16095
mWintsën	175585
mwintsën'ajtëp	2926
mWintsën'ajtp	8779
mwintsën'ajtyp	4389
mWintsën'ajtypyën	2926
mWintsënën	2926
mwintsënëty	13168
mWintsënëty	23411
mwintsëntëjk	7316
mwintsëntëjkëty	7316
mwintum	5852
mwintuuy	45359
mwintuuyëty	13168
mwinya'axëtëty	4389
mwinyä'äxyë	5852
mwit	67307
mwitëty	10242
mwitsëtë	2926
mwoopy	2926
mwootsowëtë	4389
mwowëp	2926
mwowëtëty	5852
mxa'këtyën	2926
mxäkxy	5852
mxe'enty	2926
mxëëw	130225
mxëëw'ajtyp	4389
mxëëwajtnëty	4389
mxëëwajtyp	10242
mxëëwkyëjxm	2926
mxëëwkyëjxmës	4389
mxëëwnaxtëty	2926
mxëëwtuntë	7316
mxëëwtuntën	2926
mxëëwtuntëty	4389
mxëkätën	2926
mxoonta'aktë	7316
mxoonta'aktëty	5852
mxoontä'äky	5852
mxoontakën	2926
mxuuky	2926
mxuumy	2926
mxuxnëty	5852
mya'ajanëtë	2926
myä'än	2926
mya'atë	17558
mya'atën	2926
mya'atëty	10242
myä'ätsy	2926
myä'äty	11705
myä'ätyën	4389
mya'axëtëty	2926
mya'axëty	10242
mya'axtë	14632
mya'axtëty	5852
myä'äxy	21948
myä'äy	42433
myä'äyën	14632
myä'äypyëtë'kojtë	2926
myä'äypyëtë'kojy	4389
myä'äypyëtë'ktë	5852
myä'äypyëti'iky	4389
myä'äypyëti'ikyën	2926
myä'äypyëti'ky	13168
myä'äywyijëty	2926
myä'äywyijy	7316
myä'kxtääpy	2926
myä'kxtujkën	5852
myä'kxtuky	5852
myä'kxtukyën	2926
mya'ta'ay	21948
mya'ta'ayën	4389
mya'taay	4389
mya'taaynyë	2926
mya'taaynyëtë	2926
myaa'ajnë	5852
myaajëty	4389
myaakajpnëty	5852
myaanajxnë	2926
myaanajxy	7316
myaanaxy	7316
myaanë	4389
myaanikyën	5852
myaank	1651963
myaank'ajtypyën	13168
myaank'ëna'k	5852
myaankë	5852
myaankëty	30727
myaapäjn	8779
myaapäjnën	4389
myaapäjnkëjxm	7316
myaapäjnkëjxy	2926
myääpy	17558
myaatakn	2926
myaataknën	4389
myaatë	2926
myääts	7316
myäätsën	10242
myäätsëty	2926
myäätstë	5852
myäätstën	2926
myääy	81939
myääyë	2926
myääyëtë	8779
myääyëty	5852
myääytyë	2926
myääytyëp	19021
myaj'antijtëp	2926
myaj'awinpityë	2926
myaj'ënëëmë	5852
myaj'ënëëmëtë	11705
myaj'ënëëmëtën	2926
myaj'ënëëmëtëty	2926
myaj'ëtë'ëts	2926
myaj'ëwtatyën	2926
myaj'ëxmatsy	4389
myaj'ëyoyë	2926
myaj'ijtëp	2926
myaj'ijtyp	4389
myaj'ijtypyën	5852
myaj'ijxkajp	2926
myaj'ijxpëkëtëty	4389
myaj'ita'anëtë	2926
myaj'ita'anyë	2926
myaj'itëpën	2926
myaj'itëtëp	2926
myaj'itëtëty	4389
myaj'ityë	2926
Myaj'ixëtëp	2926
myaj'ixta'ay	2926
myaj'ixtëty	2926
myaj'ixy	8779
myaj'o'këp	2926
myaj'o'ktën	5852
myaj'o'ktëp	2926
myaj'o'oyëtëp	2926
myaj'ook	8779
myaj'ooka'anëtë	2926
myaj'ooka'anyë	16095
myaj'ookanëp	4389
myaj'ookanëpën	2926
myaj'ookëp	2926
myaj'ookëtë	4389
myaj'ookëtëty	10242
myaj'ookyë	2926
myaj'uukëtë	2926
myajja'amyätsëty	2926
myajja'ay	13168
myajja'ay'ookëty	13168
myajja'ay'ooky	2926
myajja'tëtë	4389
myajjat	2926
myajjatyë	2926
myajjawë	2926
myajjawëty	2926
myajjëwä'kpy	2926
myajji'tsyp	2926
myajjootwinpitëtë	2926
myajjotkujk'atëtëty	2926
myajjotkujk'atyë	2926
myajjotkujkta'akëtë	2926
myajjuuky'atëtëty	2926
myajk	11705
myajk'anyën	5852
myajkatspuxëty	2926
myajkay	5852
myajkayëtëty	2926
myajkë'ëyaktë	2926
myajkë'ëyaktëty	2926
myajkë'ëyäky	4389
myajkmajkts	10242
myajkmajkts'anëty	2926
myajkmajkts'anyën	10242
myajkmäjtsk	8779
myajkmokx	17558
myajkmokx'anëty	2926
myajkmokx'anyën	8779
myajkmokxmäjtsk	2926
myajkoj	4389
myajkojën	2926
myajkojëtë	2926
myajkojtëpën	2926
myajkojyën	7316
myäjkpy	7316
myäjkpyën	5852
myajkruutspäjtën	2926
myajktaxk	4389
myajktëkëëk	2926
myajktëpën	11705
myajktu'uk	5852
myajkupixyny	2926
myajkutëkoya'anëtë	4389
myajkutëkoyäämpy	5852
myajkutëkoyanëpën	2926
myajkutëkoyë	2926
myajkutëkoyëtë	2926
myajkutëkoyëtëty	4389
myajkutujkp	2926
myajkutujkpë	8779
myajkutujkpë'atëty	2926
myajkutujkpëty	7316
myajkutujkpy	5852
myajkutuka'any	2926
myajkutuka'anyën	2926
myajkutukëp	19021
myajkutukëty	14632
myajkutuktën	2926
myajkutukyën	14632
myajmä'tsta'ay	2926
myajmayëtë	2926
myajmëj	2926
myajmëjjaw	2926
myajmëjjawë	2926
myajmëjjawën	2926
myajmëjpëjkta'akëty	2926
myajmëjuyä'äny	2926
myajmënëjkxa'antë	2926
myajmënëjkxtë	5852
myajmënëjkxy	2926
myajmëta'akanëp	2926
myajmëta'akëtëty	2926
myajmëtä'äkyë	5852
myajmëtëkoy	4389
myajmëyajtëp	5852
myajmëyajtëpën	4389
myajmëyäjtyp	4389
myajmiinpyë	2926
myajmo'oja'antë	2926
myajmo'ojëp	2926
myajmo'ojëty	5852
myajmo'otë	13168
myajmo'otëp	2926
myajmo'otëty	10242
myajmo'oy	4389
myajnatukëtëty	2926
myajnatukyë	2926
myajnaxëp	2926
myajnaxëtë	4389
myajnaxëtëty	2926
myajnëjkxa'anëtë	4389
myajnëjkxa'anyë	2926
myajnëjkxëtë	2926
myajnëjkxëtëty	5852
myajnëjkxyë	2926
myajnëxi'ik	2926
myajni'ëënënë	2926
myajnikäjpxy	5852
myajnikëxë'ëktëp	2926
myajnimëtya'aktë	2926
myajnimëtyä'äky	4389
myajnitsokp	2926
myajpaata'antë	8779
myajpaata'any	5852
myajpaatë	114130
myajpaatën	49749
myajpaatëty	87792
myajpaatëtyën	2926
myajpaattëty	5852
myajpaaty	93645
myajpaatyën	48285
myajpatnë	8779
myajpatnëtë	13168
myajpatnëtëty	2926
myajpatp	4389
myajpatsoony	4389
myajpëjkë	2926
myajpëjkëtyä'äy	2926
myajpëjkta'akëty	7316
myajpëjkta'aktëty	2926
myajpëjktä'äkyën	2926
myajpëjktsoy	5852
myajpëtë'kpy	4389
myajpëtë'kpyën	5852
myajpëtsëëmën	2926
myajpëtsëëmëtë	2926
myajpëtsëëmëtën	2926
myajpëtsëmëtë	4389
myajpëtsëmëtën	2926
myajpëtsëmyë	2926
myajpoky'ixtë	2926
myajpokytyunëtëty	4389
myajpokytyuunëp	10242
myajputëkëty	2926
myäjpxyëty	23411
myäjpxyëtyën	2926
myäjpxypyotsyëtyën	2926
myajtëkoyëtëty	7316
myajtëwëtë	7316
myajtëwëtëty	16095
myajtëyë	2926
myajtëytyuntë	2926
myajtijy	7316
myajts'ijtypyën	13168
myajtsë	8779
myajtsëtë	2926
myajtsëtyunëtëty	2926
myäjtsk	5852
myäjtskëty	2926
myajtso'oka'anëtën	2926
myajtso'oka'anyë	2926
myajtso'okanëp	4389
myajtso'okanëtëp	2926
myajtso'okëtë	2926
myajtso'okëtëp	2926
myajtso'okëtëty	5852
myajtso'okyë	11705
myajtso'okyën	2926
myajtsokëpën	2926
myajtsokpy	2926
myajtstaaytyë	2926
myajtsumëty	5852
myäjtsypyën	4389
myajtuk'ëwaanëtë	4389
myajtuk'ëwaanëtëty	2926
myajtuk'ixtëty	2926
myajtukë'ëtëkë	2926
myajtukë'ëtëkëtë	2926
myajtukmë'ëxmatsëty	2926
myajtukni	4389
myajtuknijawë	4389
myajtuknipëjktaakëtën	2926
myajtuknipëjktu'uty	2926
myajtukumaytyë	2926
myajtukwintsë'ëkë	2926
myajtukwintsë'ëkëty	2926
myajtun	2926
myajtuna'any	2926
myajtunëp	30727
myajtuntëp	11705
myajtuunëp	4389
myajtuunëtëp	2926
myajwë'ëmtëp	7316
myajwin'ëëntë	5852
myajwin'ëëntëty	8779
myajwin'ëw	5852
myajwin'ëy	2926
myajwintänëty	2926
myajwintujkpy	2926
myajwinya'axëty	4389
myajwoptë	2926
myajxo'kpy	2926
myajyoompy	2926
myakëp	4389
myakëty	2926
myaktë	4389
myaktëp	2926
myaktëpën	4389
myatsa'anyë	2926
myatsäämpyën	5852
myatsantëp	2926
myatsëtyën	2926
myätsy	4389
myätsyë	16095
myätsyën	2926
myaxën	5852
myaxtsowëtë	5852
myaxtsowëtën	2926
myäy	136078
myäy'ajnë	7316
myäyë	39506
myäyën	7316
myäyëtë	35117
myäyëtëty	30727
myäyëty	16095
myäyëtyën	5852
myäymyiintë	5852
myäymyintë	2926
myäytsyiptuunpë	7316
myäytsyo'ontë	2926
myäytyänëtën	4389
myäytyë	70234
myäytyën	16095
myäytyëty	2926
myë	10242
mye'etyëjk	2926
mye'etyëjk'ajtënëty	7316
mye'etyëjktëjk	2926
mye'ey	8779
mye'eyën	4389
mye'eyëty	5852
mye'eyëtyën	4389
mye'eymyujkta'atë	2926
mye'eymyuk	5852
mye'eymyuktë	13168
mye'eymyuktën	4389
mye'eymyuktëty	10242
mye'eytyëty	4389
myë'i'px	2926
myë'ijtypyën	86329
myë't	39506
mye'tsyp	2926
mye'tsypyën	5852
myeeny	81939
myeenyëty	20484
myeenypyaatë	2926
myeenypyaatëtyën	2926
myeenypyääty	2926
myeenyyaktë	2926
myëët	2926
myëët'ajt	4389
myëët'ajtääpy	7316
myëët'ajtën	7316
myëët'ajtëp	48285
myëët'ajtëpën	127299
myëët'ajtëtëpën	2926
myëët'ajtyp	212165
myëët'ajtypyën	301421
myëët'atäämpy	4389
myëët'atantëp	7316
myëët'atëp	35117
myëët'atëtëty	5852
myëët'atyë	2926
myëët'atyënëm	2926
myëëtën	2926
myëëtëty	5852
myëëtko'knääpy	11705
myëëtko'knääpyën	7316
myëëtko'knaayëp	2926
myëëtko'knaaynyëpën	2926
myëëtko'knëtëty	7316
myëëtko'knëty	2926
myëëtmëtya'akëtë	4389
myeetsy	5852
myeetsyën	5852
myëëttsënääpyën	2926
myëj	23411
myëj'äämpyëtyën	2926
myëj'ajnë	2926
myëj'ajt	159489
myëj'ajtën	160953
myëj'atë	2926
myëjaaw	87792
myëjaawëty	5852
myëjaawkëxa'any	2926
myëjaawkëxyën	5852
myëjaawkukëxë	2926
myëjaawmo'oyë	2926
myëjaawmoopy	4389
myëjaawnë	5852
myëjaawpëjky	2926
myëjaawpëktëty	2926
myëjaawtëkën	4389
myëjatyëty	2926
myëjay	4389
myëjayën	4389
myëjë	24874
myëjëën	20484
myëjëkäm'ajtëp	4389
myëjëkämkekpy	2926
myëjëkämkekpyën	4389
myëjëtijtypyën	2926
myëjëty	33653
myëjëtyën	10242
myëjja'awëtëpën	10242
myëjja'ayënë	32190
myëjja'ayënën	4389
myëjja'aytyëjkëty	2926
myëjkajpn	2926
myëjkajpnën	2926
myëjkajpnëty	2926
myëjnaax	2926
myëjnaxëty	2926
myëjnaxy	4389
myëjnë'ajnë	2926
myëjpëjkta'akantëp	2926
myëjpëjktä'äkyë	2926
myëjpëjktäkpy	2926
myëjpëjktäkpyën	2926
myëjpëjktaktë	2926
myëjpëjktaktëp	5852
myëjpëjktaktëpën	5852
myëjpëjktakxëtyën	2926
myëjtëkë	5852
myëjtëtspäjnë	2926
myëjtiinty	7316
myëjtiintyën	7316
myëju'uny	17558
myëjutiis	4389
myëjwä'ky	4389
myëjwiin	17558
myëjwiin'ajtën	4389
myëjwiin'atëty	33653
myëjwiin'aty	7316
myëjwiinë	4389
myëjwiinëty	96571
myëjwiinëtyën	11705
myëjwit	14632
myëjxëëw	13168
myejy	5852
myëk'ajtën	238503
myëk'atë	2926
myëkä'äx	106814
myëkä'äx'ajtypyën	2926
myëkä'äxëty	7316
myëkä'äxtëjk	90719
myëkä'äxtëjkën	4389
myëkä'äxtëjkëty	10242
myëkajpxë	4389
myëkajpxëtë	13168
myëkajpxëtën	2926
myëkajpxtëkoopy	5852
myëkajpxtëkoopyën	4389
myëkajpxtëp	2926
myëkajpxtëpën	4389
myëkäjpxyë	40969
myëkäjpxyën	2926
myëkäjpxyp	7316
myëkäjpxypën	2926
myëkë	2926
myëkëty	16095
myëkëtyën	13168
myëkmoopy	2926
myëkoxk	11705
myëkpëjky	4389
myëkpojyën	4389
myëkta'aktë	2926
myëktä'äky	7316
myëktaknë	4389
myëktaktë	5852
myëktuupojyën	2926
myëku'oypyë	2926
myëku'uk	607232
myëku'uk'ajtyp	4389
myëku'uk'ajtypyën	20484
myëku'ukën	51212
myëku'ukëty	79013
myëku'ukëtyën	17558
myëku'ukjawëty	2926
myëku'uktëjk	198996
myëku'uktëjkën	8779
myëku'uktëjkëty	58528
myëku'uktëjkëtyën	17558
myëkukajpn	17558
myëkukajpnën	17558
myëkukajpnëtyën	4389
myëkunaax	36580
myëkutuunk	5852
myëkutuunktëjk	5852
myëkxejy	5852
myëkxejyën	5852
myëmääpy	45359
myëmaay	45359
myëmajktaxk	2926
myëmäjtsk	7316
myëmay	7316
myëmayëty	2926
myëmëjku'u	2926
myëmëkoxk	4389
myëmëta'akëtë	2926
myëmëta'akëtën	2926
myëmëta'akëtëty	5852
myëmëtä'äkyë	13168
myëmëtaknëty	2926
myëmëtaknëtyën	2926
myëmëtaktääpy	2926
myëmëtoow	4389
myëmëtoowënë	4389
myëmëtoyë	2926
myëmëtoyën	2926
myëmiinpy	7316
myëmiinpyën	7316
myëmiintën	8779
myëmiintëp	4389
myëmiintëpën	21948
myëminantëp	4389
myënaax	4389
myënaaxwiinyëtë	4389
myënajx	5852
myënëjkxëp	11705
myënëjkxtëp	19021
myënëjkxtëpën	14632
myënëjkxyë	4389
myënëjkxyp	8779
myënëjkxypyën	7316
myënu'kxta'akëtë	2926
myënu'kxtä'äkyë	2926
myënu'kxtakë	4389
myënu'kxtakëtë	4389
myëpaat'ajty	2926
myëpaatëtyën	4389
myëpëjk	2926
myëpëjkë	2926
myëpëjkën	30727
myëpëjkënëty	13168
myëpëjkënëtyën	2926
myëpëjkpëtëjk	10242
myëpëjkpy	11705
myëpëjkpyën	4389
myëpëjktë	23411
myëpëjktën	4389
myëpëjktëp	8779
myëpëjktëpën	32190
myëpëjky	19021
myëpëkëtëty	4389
myëpëktë	17558
myëpëktën	27800
myëpëky	13168
myëpëkyë	2926
myëpëkyën	24874
myëta'aka'antë	4389
myëta'aka'any	5852
myëta'akëty	17558
myëta'aktë	48285
myëta'aktën	4389
myëta'aktëty	5852
myëtä'äky	51212
myëtä'äkyën	14632
myëtajëtë	2926
myëtäjpy	33653
myëtäjpyën	13168
myëtajtëp	27800
myëtajtëpën	5852
myëtaknëtë	2926
myëtakojnëtëpë	2926
myëtaktë	14632
myëtäky	13168
myëteety'ajtëpën	2926
myëteety'äjtypyën	2926
myëteety'atëpën	2926
myëtëjk	17558
myëtëjkëty	4389
myëtëkëëk	2926
myëtëkoopy	10242
myëtënääpy	2926
myëtënääpyën	8779
myëtënaaynyëty	2926
myëtëyëty	33653
myëtëyëtyën	65844
myëti'ipë	5852
myëti'ipëty	4389
myëto'owën	2926
myëto'owxëty	2926
myëto'oxy'ëna'k	4389
myëto'oxytyëjk	2926
myëtoopy	14632
myëtoow'ijtëp	7316
myëtoow'ijtëpën	11705
myëtoow'ijtyp	7316
myëtoowpëktë	2926
myëtoowtë	5852
myëtoowtën	10242
myëtoowtëpën	5852
myëtowantëp	2926
myëtowtë	4389
myëtowtën	2926
myëtowtëp	2926
myëtowtëty	2926
myëtoy	7316
myëtoyë	2926
myëtoyën	2926
myëtsa'a	4389
myëtsëpa'an	2926
myëtsip	228260
myëtsip'ajtëp	4389
myëtsip'ajtëpën	16095
myëtsip'ajtyp	7316
myëtsip'ajtypyën	4389
myëtsip'atyë	2926
myëtsipën	13168
myëtsipëty	32190
myëtsipëtyën	8779
myëtsiptëjk	49749
myëtsiptëjkën	7316
myëtsiptëjkëty	10242
myëtsiptëjkëtyën	7316
myëtsiptsoonëtë	4389
myëtsiptsoonyë	2926
myëtsiptuunpyën	21948
myëtsiptuuntëpën	95108
myëtu'uk	10242
myëtu'uye'eytyëpën	2926
myëtun	2926
myëtunëp	2926
myëtunëtëty	7316
myëtuntë	4389
myëtuntën	2926
myëtuntëty	7316
myëtunyën	8779
myëtuumpy	16095
myëtuumpyën	32190
myëtuun	2926
myëtuunën	13168
myëtuunpë	61454
myëtuunpëtëjk	7316
myëtuuntë	2926
myëtuuntën	8779
myëtuuntëp	8779
myëtuuntëpën	59991
myëtya'aka'antë	8779
myëtya'aka'any	8779
myëtya'akëty	2926
myëtya'aktë	30727
myëtya'aktën	7316
myëtyä'äky	73160
myëtyä'äkyën	24874
myëtyä'äkynyëm	2926
myëtyakën	2926
myëtyäkpy	5852
myëtyäkpyën	7316
myëtyakta'atë	2926
myëtyakta'ay	2926
myëtyaktaay	13168
myëtyaktaaytyë	2926
myëtyaktë	11705
myëtyaktëpën	2926
myëtyaktso'ony	5852
myëtyäky	13168
myëwaantäkpy	4389
myëwë'ëmäämpy	2926
myëwëxtujk	2926
myëwiints	4389
myëwinkon'ajtëpën	10242
myëwinkon'ajtyp	2926
myëwinkonyë	4389
myëwinkoonë	4389
myëwinkoonëtë	8779
myëxëëw'ijxypyën	4389
myëxu'unk'ajtë	5852
myëxu'unk'ajty	33653
myëxu'unk'ajtyën	2926
myëxu'unk'ata'any	4389
myëxu'unk'ata'anyën	5852
myëxu'unk'atë	14632
myëxu'unk'atën	14632
myëxu'unk'atëty	10242
myëxu'unk'aty	30727
myëxu'unk'atyën	20484
myëxu'unk'atynyëm	5852
myëyajtën	7316
myëyätyën	13168
myëye'epyën	2926
myëye'etyëjk	5852
myëye'eytyëpën	2926
myëyuupyën	2926
myiinë	5852
myiinëtë	10242
myiinta'atë	14632
myiinta'atëty	4389
myiinta'ay	65844
myiinta'ayën	5852
myiintaaytyë	5852
myiintë	67307
myiintëpë	2926
myiiny	109740
myiinyën	8779
myiits'atë	8779
myiitsëty	14632
myijts'atëty	2926
myijtsëty	32190
myijtsëtyë	2926
myin	2926
myina'antë	13168
myina'antëty	2926
myina'any	90719
myina'anyën	8779
myinëty	90719
myintë	136078
myintën	42433
myintënëm	2926
myintëty	49749
myiny	332148
myinyëm	4389
myinyëmën	2926
myinyën	204849
myo'kn	8779
myo'oja'anyë	5852
myo'ojäämpy	4389
myo'ojäämpyën	2926
myo'ojëpën	2926
myo'ojëtë	33653
myo'ojëtën	11705
myo'ojëtëty	16095
myo'onts	5852
myo'oyë	46822
myo'oyën	8779
myontë	10242
myontëty	5852
myony	19021
myoonëtë	2926
myoonkëtä'äky	2926
myoonkëtak	2926
myoony	2926
myoopy	26337
myoopyën	5852
myooyë	8779
myooyën	8779
myooyëtë	14632
myooytyääy	2926
myooytyëp	4389
myooytyëpën	5852
myox	20484
myoxën	5852
myoxjoty	4389
myoxkëjxy	7316
myoxpa'ajën	2926
myu'ukëtë	2926
myu'ukëtën	4389
myu'ukëtëty	10242
myu'ukyë	8779
myu'ukyën	4389
myu'unkjot	2926
myu'utë	8779
myu'uy	7316
myujktaaytyë	11705
myujktë	21948
myukënë	2926
myuktë	16095
myuktën	8779
myuky	2926
myukyën	8779
myutsk	33653
myutsk'atyën	2926
myutskë	2926
myuu'ookyë	2926
myuuta'any	4389
myuuty	7316
myuutyën	13168
myuxëty	4389
myuxy	13168
n'a'ijx	7316
n'a'ijxyp	8779
n'a'ix	2926
n'a'ixë	7316
n'a'ixy	2926
n'a'oykyë'ëjën	5852
n'a'ukënës	2926
n'aaw	238503
n'aaw'ajt	8779
n'aawën	2926
n'aawës	10242
n'aawjoty	2926
n'ajtyës	8779
n'aka'any'äämpyës	2926
n'akäjëty	4389
n'akajpxtukëty	2926
n'äkë	32190
n'äkës	20484
n'akojëmëty	2926
n'amay	7316
n'amëto'ow	2926
n'amëto'owëmën	2926
n'amëto'owmëty	2926
n'amëtoopy	29264
n'amëtoopyën	5852
n'amëtoopyës	4389
N'amëtoopyës	4389
n'amëtoow	5852
n'amëtoow'ity	2926
n'amëtoowtë	2926
n'amëtoowtëpën	2926
n'amëtooy	7316
n'amëtow	17558
n'amëtowa'antë	2926
n'amëtowa'any	4389
n'amëtowäämpy	7316
n'amëtowantëp	2926
n'amëtowëty	2926
n'amëtowtë	10242
n'amëtowtës	4389
n'amëtowtëty	2926
n'amëtoy	64381
n'amëtoyës	8779
n'antä'äky	5852
n'antijpy	2926
n'antijpyës	7316
n'antijy	2926
n'antijyës	2926
n'any	2926
n'ap	64381
n'ap'ajt	33653
n'ap'ajtëm	17558
n'ap'ajtëmë	23411
n'ap'ajtëp	4389
n'ap'ajtyp	4389
n'apëky	2926
n'apës	4389
n'apëty	7316
n'apëtyës	5852
n'aptëjkës	4389
n'aptëjkëtyës	2926
n'atääm'ujtsmëty	2926
n'atään	2926
n'ateeny	2926
n'atonyë	2926
n'atsoky	2926
n'awinpijnë	2926
n'awinpita'any	2926
n'awinpity	16095
n'awojpwa'kxtë	2926
n'axëëw'aty	2926
n'aye'eyës	2926
n'ayës	4389
n'ayuk	68770
n'ayukës	158026
n'ayukëtyës	4389
n'ayuu'atëty	2926
n'ayuu'aty	7316
n'ëëwtë'ëw	2926
n'ëjënës	4389
n'ëjy	5852
n'ëk	16095
n'ëk'ëna'anmëty	4389
n'ëk'ënanë	2926
n'ëk'ijtënëty	2926
n'ëk'ijxëmë	2926
n'ëk'ijxmëty	5852
n'ëk'ijxnë	7316
n'ëk'ixanë	2926
n'ëk'ixtë	2926
n'ëk'ixy	8779
n'ëk'o'knëty	2926
n'ëk'uukanë	4389
n'ëk'uuky	2926
n'ëkjanty'ijxmëty	4389
n'ëkjuuky'äty	2926
n'ëkmëët'ajnë	5852
n'ëkmëët'ajnëtë	2926
n'ëkmëkäjpxy	2926
n'ëkmëmëta'akanë	5852
n'ëkmëtya'akanë	2926
n'ëkmo'otë	2926
n'ëkmoon	2926
n'ëknëë'uuky	2926
n'ëknëjkxtë	2926
n'ëknëjkxy	13168
n'ëknijawëty	2926
n'ëknikajpx	2926
n'ëknipaye'ey	2926
n'ëkpa'ëyowanëtë	2926
n'ëkpatmëty	4389
n'ëkpatnë	5852
N'ëkpëjktakëm	2926
N'ëkpëjktakmëty	7316
n'ëktsiptuny	2926
n'ëktsojknë	2926
n'ëktu'unëmë	2926
n'ëktunanë	2926
n'ëktuntëty	2926
n'ëktuny	4389
n'ëkupëkanë	4389
n'ëkyä'äxy	2926
n'ëkyajkutëkoyanë	4389
n'ëkyajkutukanë	4389
n'ëkyajnaaxtëkë	4389
n'ëkyajnëë'uukyës	4389
n'ëkyajpaatanë	2926
n'ëkyajtëwëty	2926
n'ëkyajtsoony	2926
n'ëmonëty	2926
n'ënä'äm	5852
n'ënä'äma'any	2926
n'ënä'ämën	30727
n'ënä'ämënës	84866
n'ënä'ämëty	5852
n'ënä'ämëtyës	2926
n'ënä'ämtë	2926
n'ëna'ana'any	2926
n'ëna'anëmë	2926
n'ëna'anëty	8779
n'ëna'anmëty	29264
n'ëna'antë	13168
n'ëna'antës	2926
n'ëna'antëty	2926
n'ëna'any	288252
n'ëna'anyën	14632
n'ëna'anyënës	2926
n'ëna'anyës	20484
n'ëna'k	27800
n'ëna'k'ajtëm	4389
n'ëna'k'ajtëmë	2926
n'ëna'k'ajty	2926
n'ëna'k'aty	8779
n'ëna'kën	4389
n'ëna'kës	26337
n'ëna'këty	5852
n'ëna'këtyës	7316
n'ënaanpë	2926
n'ënany	11705
n'ënanyës	5852
n'ëne'empyën	4389
n'ëne'emy	5852
n'ënëëmë	150710
n'ënëëmëja'antë	2926
n'ënëëmëja'antës	2926
n'ënëëmëja'any	8779
n'ënëëmëja'anyës	2926
n'ënëëmën	14632
n'ënëëmës	11705
n'ënëëmëtë	212165
n'ënëëmëtën	2926
n'ënëëmëtës	7316
n'ënëëmëtëty	10242
n'ënëëmëty	27800
n'ënëma'ayëmë	2926
n'ënëmääpy	7316
n'ënëmaay	17558
n'ënëmaayës	7316
n'ënëmaaytyë	16095
n'ënëmaaytyës	10242
n'ënu'kxënë	7316
n'ëtë'ëtsëty	5852
n'ëtë'ëtstë	7316
n'ëtë'ëtsy	5852
n'ëtso'owmëty	7316
n'ëtsoowinpijtmëty	2926
n'ëtsoowinpita'any	2926
n'ëtsoowinpitëty	7316
n'ëtsooy	26337
n'ëtsooyës	4389
n'ëtsowa'any	2926
n'ëtsowëty	8779
n'ëtsowëtyës	2926
n'ëtsowtë	8779
n'ëtsoy	16095
n'ëtsoyës	2926
n'ety	4389
n'ëwa'atsa'any	2926
n'ëwa'atsy	8779
n'ëwäämpyës	4389
n'ëwaanëtë	2926
n'ëwaanëtëty	2926
n'ëwaanëty	4389
n'ëwëty	4389
n'ëwtajtëm	2926
n'ëwtajtëmë	4389
n'ëwtajtëmën	4389
n'ëwtajtëpën	8779
n'ëwtajtëpës	2926
n'ëwtajtypyën	11705
n'ëwtata'any	4389
n'ëwtaty	2926
n'ëwtatyën	7316
n'ëwxijtëmë	2926
n'ëwxijtmëty	2926
n'ëwxijtyp	4389
n'ëwxijtypyës	2926
n'ëwxita'antë	2926
n'ëwxity	2926
n'ëwxityës	4389
n'ëxajë	2926
n'ëxajëmë	2926
n'ëxajëmëty	2926
n'ëxajëty	2926
n'ëxëëk	5852
n'ëxëëk'ijxypyën	11705
n'ëxëëk'ijxypyës	2926
N'ëxëëk'ijxypyës	5852
n'ëxëëk'ixy	7316
n'ëxëëk'ixyës	2926
n'ëxmajtsmëty	8779
n'ëxmajtsnë	4389
n'ëxmajtsnëtë	2926
n'ëxmajtsta'atë	2926
n'ëxmajtsta'ay	2926
n'ëxmatsa'antë	4389
n'ëxmatsa'any	2926
n'ëxmatsa'anyës	2926
n'ëxmatsëty	16095
n'ëxmatstë	4389
n'ëxmatstëty	7316
n'ëxmatsy	19021
n'ëxmatsyës	2926
n'ëy	5852
n'ëyo'on	4389
n'ëyo'onpaata'any	2926
n'ëyo'owëm	2926
n'ëyo'owëmë	2926
n'ëyo'owmëty	2926
n'ëyoopëja'ayëty	2926
n'ëyowëty	4389
n'ëyowtë	2926
n'ëyowtën	2926
n'ëyoy	11705
n'ijnë	2926
n'ijtaknës	4389
n'ijtë	4389
n'ijtëm	8779
n'ijtëmë	8779
n'ijtëmën	4389
n'ijtmëty	21948
n'ijtmukëtyës	2926
n'ijty	5852
n'ijx	4389
n'ijx'itäämpy	2926
n'ijx'ity	2926
n'ijxë	2926
n'ijxë'ëky	2926
n'ijxëm	11705
n'ijxëmë	19021
n'ijxëmën	13168
n'ijxën	14632
n'ijxënës	11705
n'ijxës	5852
n'ijxkijpxmëty	5852
n'ijxmëty	26337
n'ijxnë	2926
n'ijxpaaty	8779
n'ijxpaatyës	5852
n'ijxpaty	7316
n'ijxpatyës	4389
n'ijxpëjkëmën	2926
n'ijxpëjkën	2926
n'ijxpëjkënës	21948
n'ijxpëjkpë'atë	2926
n'ijxpëjkpë'atëty	8779
n'ijxpëjkpë'atëtyës	2926
n'ijxpëjkpëtëjkës	5852
n'ijxtaay	5852
n'ijxtë	5852
n'ijxtës	2926
n'ijxwa'atsy	2926
n'ijxwë'ëmy	4389
n'ijxy	52675
n'ijxyën	2926
n'ijxyës	43896
n'ijxyp	14632
n'ijxypyën	2926
n'ijxypyës	11705
n'Israel	2926
n'ita'any	4389
n'itë	5852
n'itën	2926
n'itëty	13168
n'itëtyës	8779
n'ity	70234
n'ityën	10242
n'ityës	13168
n'ityësën	2926
n'ixa'antë	5852
n'ixa'any	17558
n'ixäämpy	5852
n'ixäämpyës	4389
n'ixantëpës	2926
n'ixëp	2926
n'ixëty	21948
n'ixëtyës	8779
n'ixjëtity	2926
n'ixkäxtë	2926
n'ixkäxtëty	2926
n'ixkexy	4389
n'ixtä'ämyëty	5852
n'ixta'atë	2926
n'ixta'ay	30727
n'ixta'ayëm	8779
n'ixta'ayëmë	13168
n'ixta'ayës	2926
n'ixtääpy	7316
n'ixtääypyën	2926
n'ixtaaytyëp	2926
n'ixtë	27800
n'ixtën	4389
n'ixtës	5852
n'ixtija'any	4389
n'ixtijy	2926
n'ixy	242892
n'ixy'ajtmëty	2926
n'ixy'äjtypyës	10242
n'ixy'atë	4389
n'ixy'äty	14632
n'ixy'ätyën	7316
n'ixy'ätyës	2926
n'ixyë	8779
n'ixyën	29264
n'ixyës	40969
n'o'këmë	5852
n'o'këmën	2926
n'o'kën	2926
n'o'kmëty	14632
n'o'knë	13168
n'o'knëty	10242
n'o'kta'atë	2926
n'o'ktaknës	7316
n'o'kxäjëmë	2926
n'ojtsy	4389
n'ok	8779
n'ok'ajtëm	11705
n'ok'ajtëmë	11705
n'ok'ajtëmën	4389
n'ok'ëna'k	4389
n'ok'u'unk	5852
n'okën	5852
n'okës	11705
n'okëty	14632
n'okëtyën	2926
n'okëtyës	33653
n'ooka'anëmë	2926
n'ooka'any	2926
n'ookanë	2926
n'ookëty	21948
n'ookëtyës	2926
n'ooktë	2926
n'ooktëty	7316
n'ooky	13168
n'ookyës	4389
n'ookynyëmën	2926
n'ookynyëmës	2926
n'otstë	2926
n'oy	2926
n'oy'ixyën	5852
n'oyajtën	10242
n'oyajtënës	26337
n'oyjawëjäämpy	2926
n'oyjot	2926
n'oyjya'ap	2926
n'oyjya'apës	7316
n'oyjya'awëmën	2926
n'oyjyawë	10242
n'oyjyawën	5852
n'oyjyawës	2926
n'oyjyawëtë	2926
n'oytyuny	2926
n'oytyunyën	2926
n'oytyuun	2926
n'u'unk	136078
n'u'unk'ajt	11705
n'u'unk'ajtëm	2926
n'u'unk'ajtyp	16095
n'u'unk'atëty	4389
n'u'unk'atyën	2926
n'u'unkës	30727
n'u'unkëtyës	2926
n'u'unkja'apën	2926
n'u'unyë	7316
n'ukëm	4389
n'ukëmë	4389
n'ukën	5852
n'ukënës	2926
n'ukmëty	4389
n'uky	2926
n'ukyën	2926
n'uty	7316
n'uty'ajtëm	2926
n'utyës	10242
n'utyëty	2926
n'utyëtyës	8779
n'uukëty	5852
n'uukëtyës	7316
n'uuktë	4389
n'uuktëpën	2926
n'uuky	17558
n'uukyën	4389
n'uukyës	8779
na	4389
na'aay	2926
nä'ämpë	5852
nä'ämpën	2926
na'ëna'anmëty	10242
na'ëwtity	42433
na'ëwtityë	20484
na'ëwtityëty	5852
na'ëwtitypë	2926
na'i'px	2926
na'ujts	4389
naak	7316
Naak'okën	2926
naakën	2926
naam	2926
Naam	2926
Naamá	7316
Naamán	38043
naamka'anëm	54138
naamka'anëmës	7316
naamnëm	11705
naanpëkëtyën	2926
Naara	4389
naax	3289295
naax'ajt	4389
naax'akujkpë	2926
Naax'akujkpë	4389
Naax'akujkpyë	27800
Naax'akukpë	2926
naax'ix	2926
naaxë	2926
naaxën	24874
naaxës	5852
naaxëty	8779
naaxja'ay	2926
naaxjä'pn	2926
naaxjëjpën	2926
naaxjok	2926
naaxjokën	4389
naaxjot	19021
naaxjotm	21948
naaxjotmën	24874
naaxjotmëty	2926
naaxjoty	70234
naaxkëjxy	314590
naaxkëjxyë	4389
naaxkëjxypyë	4389
naaxkow	11705
naaxkowtë	2926
naaxkoy	2926
naaxkutij	2926
naaxmaj	7316
naaxpa'tkë'p	36580
naaxpa'tkë'pë	7316
naaxpotsy	19021
naaxteeny	2926
naaxtëjkëpën	2926
naaxtëkëja'any	2926
naaxtëkëty	2926
naaxtsënääpyë	4389
naaxtsow	2926
naaxtu'ts	7316
naaxtuk	2926
naaxtuunpë	10242
naaxtuunpëtëjkëty	2926
naaxtuuntëpën	4389
naaxway	61454
naaxwayën	30727
naaxwayjoty	7316
naaxwiinkëjxy	5852
naaxwiiny	668686
naaxwiinyë	2926
naaxwiinyën	7316
naaxwiinyëtë	1965090
naaxwiinyëtën	310200
naaxwiinypë	45359
naaxwin'a'tspën	8779
naaxwin'a'tstëpën	7316
naaxwinm	8779
naaxwintë'ëtstum	4389
Nabal	38043
Nabat	30727
Nabot	36580
Nabucodonosor	147784
Nabuzaradán	7316
Nadab	33653
Nafís	4389
Naftu	2926
Nahalal	4389
Nahaliel	2926
Naharai	2926
Nahas	16095
Nahasón	20484
Náhat	7316
Nahor	27800
Nahúm	2926
Naiot	7316
najaamëtyën	2926
najamtëkë	4389
naje'eyë	23411
najëkäm	7316
najënu'un	2926
najëtu'un	2926
najts'ë'ëw	5852
najts'ëyo'owëkës	11705
najts'ëyo'owën	36580
najts'ëyo'owëp	8779
najts'ëyo'owëpën	2926
najts'ijxëpën	10242
najts'ixë	7316
najts'ookë	2926
najts'uunën	2926
najtsja'apë	10242
najtsja'apën	5852
najtsja'apëtëjk	10242
najtsja'apëtëjkëty	11705
najtsja'awëtëpën	2926
najtskä'äxë	11705
najtskajpxëpë	4389
najtskajpxëtëpën	4389
najtskäxë	4389
najtspëkë	16095
najtstunë	2926
najtswop	2926
najx	2926
najxë'kpën	2926
najxë'ky	2926
najxëmë	5852
najxëmën	2926
najxnëp	2926
najxp	26337
najxpën	38043
najxtakn	27800
najxtaknën	2926
najxtë	2926
najxtëp	7316
najxtëpën	11705
najxtës	4389
najxy	2926
näjyä'ätsë	45359
näjyä'ätsëtë	2926
näjya'awëmë	5852
näjya'awëmëty	4389
näjya'awëtëpën	20484
näjya'awëy	2926
näjya'awëyëp	5852
näjya'awëyëpën	21948
näjyääntyja'awëtëpën	8779
näjyääntyjya'awëyëpën	5852
näjyääntyjyawë	5852
näjyawë	24874
näjyawëja'anyë	4389
näjyawët	2926
näjyawëtë	16095
näjyawëtëty	11705
näjyawëty	105351
näjyawëtyën	2926
näjyawëtyës	2926
näjyëjp'ijxëtëpën	2926
näjyënaxë	2926
Näjyëpëkëtë	2926
näjyëtu'un	3745817
näjyëtu'unën	2926
näjyëtu'unës	62918
näjyëtu'unëty	4389
näjyëtu'untsën	2926
näjyiiky'at	2926
nakemyën	2926
nakutsë'ëkë	2926
näkya'atsë	8779
näkya'oy'ixë	5852
Näkyajpxpo'kxëtë	2926
näkyäjpxytsyiikë	2926
näkyë'ëyajkëtëpën	2926
Näkyë'ëyakëtë	8779
näkyënu'kxë	26337
näkyënu'kxën	8779
näkyëwent'atë	5852
näkyëwent'atëtë	17558
Näkyëwent'atëtë	32190
näkyoxë	2926
näkyumajtsëtëpën	2926
näkyumatsëtë	2926
näkyumayën	4389
näkyuwa'anyë	2926
namaa	8779
namëyajtën	14632
nämyä'äy	4389
nämyä'äyëmën	4389
nämyäyën	10242
nämyë'oypyëjkëmë	4389
Nämyëja'aw	2926
nämyëja'awëyëpën	4389
nämyëjja'aw	16095
nämyëjjaw	4389
nämyëjkäjxëpën	2926
nämyëjpëjkta'akë	2926
nämyëjpëjktakëpën	2926
nämyëtsip'ajtëp	2926
nämyëtsip'ajtëtëp	2926
nämyëwinkon'ajtëtëpën	2926
Nämyukëtë	4389
nän	714046
Nanë	10242
nanëkokyëjxm	2926
nanëkoo	19021
nanëkookyëjxm	13168
nantsëm	2926
nantsëmën	7316
nänyi	2926
Nänyi	2926
nänyikäjpxyë	4389
nänyikëxë'ëkanëp	2926
nänyipaye'eyë	4389
nänyipaye'eyën	7316
nänyipëjktaakët	2926
Nänyipëjktaakët	2926
nänyipëjktaakëtë	2926
Nänyipëjktaakëtë	5852
napënën	5852
napots	2926
napotsy	7316
napotsyën	4389
napotsypë	8779
näpya'ëyowë	2926
näpyaata'anyë	2926
näpyaata'anyën	2926
näpyaatë	213628
näpyaatëtëty	4389
näpyatëmëty	8779
näpyaye'eyë	7316
näpyëjkta'akët	5852
näpyëjkta'akëtë	8779
näpyëjktä'äkyë	24874
näpyëjktakëp	5852
näpyëjktakëpën	7316
näpyëjktakëtëpën	2926
näpyojkën	4389
näpyokë	5852
näpyokymyä'kxë	4389
näpyutëkë	5852
Näpyutëkëtë	4389
nasja'apën	2926
naspëkë	4389
nastijë	2926
Nastijë	2926
nat	7316
Natán	61454
Natanael	26337
natëjkëpën	36580
natëk	4389
natëkë	64381
natëkë'ajtp	2926
Natëkës	4389
natën	4389
natëtyën	2926
natii	5852
natiijën	4389
natpë	8779
natsapts	8779
natsuxk	2926
nätsya'ajë	2926
nätsyiik	2926
nätsyojkëm	2926
nätsyojkëmë	2926
nätsyojkëmëty	5852
nätsyok	24874
nätsyokë	5852
nätsyokëtë	5852
Nätsyokëtë	11705
nätsyukë	4389
natuky	13168
natuunta'akëp	2926
nätyajxëty	2926
nätyijanëtëp	2926
nätyijëpën	7316
nätyijëtëp	13168
nätyijëtëpën	17558
nätyiytyunë	5852
nätyo'k	2926
nätyo'këpën	7316
nätyu'uk	90719
nätyu'uk'ajtpën	2926
nätyu'ukën	2926
nätyu'ukës	4389
nätyu'ukëty	2926
nätyu'ukjaty	4389
nätyu'ukmukë	11705
nätyu'uwinwitsë	5852
nätyu'uwinwow	5852
nätyuk	4389
nätyuk'akëëytyujkëpën	5852
nätyuk'akëëytyujkëtëpën	11705
nätyuk'oytyuunëpën	2926
nätyukja'axëpën	4389
nätyukmajts'ityë	2926
nätyukmëjja'awëm	2926
nätyukmëjja'awëtëpën	2926
nätyukmëjpëjktakëtëp	4389
nätyuktuunëp	2926
nätyukuwanëp	2926
nätyukuwanëtëp	2926
nätyukuwanëtëpën	2926
nätyukuyajkëtëpën	4389
nätyukxojxëtëp	2926
nawa'akë	2926
nawään	2926
nawäänën	2926
näwyin'ë'ënëmëty	2926
näwyin'ë'ënën	4389
näwyin'ëën	2926
näwyinkajpxpätë	4389
näwyinkutsë'ëkë	29264
näwyintsë'ëkë	2926
näwyopë	2926
nax	17558
naxa'any	7316
naxaanp	19021
naxaanpën	5852
naxëty	4389
naxkumatsë	4389
naxtë	4389
naxtëty	4389
naxy	36580
naxym	96571
naxym'ajtën	5852
naxymyëpë	13168
naxypyë	2926
näy	26337
Näy	168269
näy'atsipë	2926
nay'ëëw'oy	77550
näy'ëëw'oy	10242
näy'ëëw'oyë	8779
näy'ëxëëk'ixë	10242
näy'ijx'it	4389
Näy'ijx'itëtë	4389
näy'ijxëmëty	2926
näy'ixëtëty	2926
näy'oj	2926
näy'ojë	7316
näy'ojyës	2926
näy'oyjyawë	2926
näyaj'itëtë	5852
näyajmëjnaxë	4389
näyajnajxëpën	7316
näyajnajxëtëpën	4389
näyajnaxyë	2926
näyajnitso'okët	2926
näyajwa'atsëtë	4389
nayiin	4389
näyjyëtu'un	2926
Näyjyëtu'un	488712
Näyjyëtu'unës	11705
näykyajpx'oyë	99498
näykyumayë	16095
näymyëku'uk'atë	4389
näynyamo'ojë	46822
näynyamo'ojën	4389
näynyikëxë'ëkanëpës	2926
näypyatëtë	2926
näypyuj	51212
näypyutëkë	105351
näyu'tsëp	2926
näywyinku'ijxëyëp	4389
näywyinkutsë'kën	33653
näywyop	7316
näyyajtëyë	4389
nazareo	13168
Nazaret	20484
nazaretëtë	4389
Nazaretëtë	20484
në'ë	155100
në'ë'aaw	7316
në'ë'aay	11705
në'ë'am	5852
në'ëjoty	36580
në'ëwitsy	4389
në'ëye'epyë	2926
në'ëye'ey	2926
në'ix	7316
në'p	2926
ne'pny	165342
ne'pnyën	7316
ne'pnyës	4389
ne'pnymyëët	4389
ne'pnymyëëtën	2926
ne'pnymyëëtpë	4389
ne'pyny	68770
ne'pynyën	14632
Nearías	4389
Nebaiot	7316
Nebo	19021
Nebuzaradán	13168
Necao	13168
Necodá	5852
nëë	1280308
nëë'aaw	4389
nëë'aawën	2926
nëë'ajinën	7316
nëë'akëyë	8779
nëë'akëyën	7316
nëë'apatë	2926
nëë'awinaxy	7316
nëë'awinm	21948
nëë'awinmtsow	2926
nëë'awinnaxy	2926
nëë'awookën	2926
nëë'ëkë'ëm	14632
nëë'itkujky	23411
nëë'o'pyky	5852
nëëjën	68770
nëëjës	2926
nëëjëty	4389
nëëjëtyën	2926
Nëëjëyujk	2926
nëëjot	21948
nëëjotm	11705
nëëjotmën	2926
nëëjoty	76086
nëëjotyën	4389
nëëjotypë	13168
nëëjut	58528
nëëjutën	20484
nëëjutjoty	17558
nëëkap	4389
nëëkapën	2926
nëëkom	23411
nëëkomën	13168
nëëkomjoty	4389
nëëkoompë	7316
nëëkoonk	2926
nëëkopk	10242
nëëkopkën	16095
nëëkuko'owta'ay	2926
nëëma'a	7316
nëëmëëtën	2926
nëëmëja'antë	4389
nëëmejy	24874
nëëmës	2926
nëëmëtë	122909
nëëmëtën	4389
nëëmëtëty	2926
nëëmëty	14632
nëëpa'a	2926
nëëpa'ajën	13168
nëëpa'tkë'p	5852
nëëpäjtën	4389
nëëpë'aay	13168
nëëpë'aaypyë	7316
nëëpë'am	26337
nëës	2926
nëëtajy	2926
nëëtëëtsë	11705
nëëtsaa	2926
nëëtsunën	2926
nëëtu'ts	2926
nëëtu'u	4389
nëëwäkjot	4389
nëëwiinkëjxy	23411
nëëwijtspë	5852
nëëwimye'epyë	7316
nëëwinkëjxy	7316
nëëwintë'ëtstuuy	4389
nëëwinye'epyë	162416
nëëwinye'epyëjoty	84866
nëëwinye'epyën	26337
nëëwokën	13168
nëëwooky	16095
nëëwookyën	14632
nëëx	2926
nëëx'ajtëmë	2926
nëëxëty	4389
nëëxi'ik	2926
Néfeg	5852
Neftalí	76086
Neftóah	2926
Nefusim	2926
negó	10242
Négueb	43896
Nehemías	13168
nëjkx	5390464
nëjkxa'antë	4389
nëjkxa'antës	2926
nëjkxa'any	7316
nëjkxaanp	7316
nëjkxaanpën	4389
nëjkxaanpës	4389
nëjkxantëp	2926
nëjkxantëpën	2926
nëjkxëp	1394438
nëjkxëpës	134615
nëjkxës	20484
nëjkxëty	17558
nëjkxëtyës	8779
nëjkxmëty	8779
nëjkxnë	7316
nëjkxp	13168
nëjkxpën	45359
nëjkxpës	5852
nëjkxta'atë	4389
nëjkxtë	51212
Nëjkxtë	61454
nëjkxtëp	13168
nëjkxtëpën	26337
nëjkxtës	5852
nëjkxtëty	10242
nëjkxtëtyës	4389
nëjkxy	27800
nëjkxyën	4389
nëk	5852
nëka'ap	2926
nëkëjxm	4389
nëkëjxy	33653
nëkëjxypyë	5852
nëkëjxytsyow	5852
nëkoo	645275
nëkoopë	100961
nëkoopës	10242
nëkoos	4389
nëkooyë	333611
nëkooyëpë	2926
nëkooyës	13168
nëma'a	40969
nëma'ajën	11705
nëmä'ämyëty	2926
nëmääpy	2926
nëmaayë	2926
nëmaayën	2926
nëmaaykyës	2926
Nëmaaykyës	2926
Nemuel	4389
nen	2926
Nen	14632
nëpap	5852
nëpë'aay	2926
Ner	19021
Nergal	5852
Nerías	7316
Netanías	11705
nëtë'kxy	2926
Netofá	16095
nëxi'ik	5852
nëxi'iky	17558
nëxik	11705
nëxiktë	2926
Neykajpxpo'kxëtë	2926
ni	1079848
ni'ak	4389
ni'äkë'ajtp	7316
ni'akë'ajtpën	4389
ni'akës	2926
ni'amukë	10242
ni'ap	2926
ni'ë'ënëpën	19021
ni'ëmukë	579431
ni'ëmukës	2926
ni'ënä'ämë	16095
ni'ënä'ämën	27800
ni'ënä'ämëp	13168
ni'ënä'ämës	2926
ni'ënä'ämëtë	2926
ni'ënä'ämëy	74623
ni'ik	728678
ni'ikë	23411
ni'ikës	27800
ni'ikëty	11705
ni'iknimay	4389
ni'ikpë	4389
ni'ikwa'atsën	2926
ni'ikyë	541387
ni'ikyëmës	4389
ni'ikyënëm	43896
ni'ikyënëmës	8779
ni'ikyës	51212
ni'iptë	4389
ni'ipy	7316
ni'kx	112667
ni'kx'ajt	13168
ni'kxën	2926
ni'kxëty	5852
ni'kxëtyën	4389
ni'kxëtypë	16095
ni'kxpë	7316
ni'ojëtë	2926
ni'tsp	2926
ni'u'kxy	7316
Nicodemo	7316
Nicolás	4389
nijä'ä	4389
nijä'äjaty	10242
nija'ap	16095
nija'apë	7316
nija'apën	4389
nija'apës	106814
nija'awëm	7316
nija'awëmë	4389
nija'awëmën	5852
nija'awëmëty	13168
nija'awën	64381
nija'awënën	7316
nija'awënës	2926
nija'awëtëp	2926
nija'awëtëpës	2926
nija'awëtyä'äy	2926
nija'awëtyë	5852
nija'awëtyëp	5852
nija'awëtyëpës	13168
nija'awëy	8779
nija'axk	2926
nijän	27800
nijänën	4389
nijawë	177048
nijawë'ajtypës	2926
nijawë'aty	2926
nijawëja'antë	2926
nijawëja'any	5852
nijawëjäämpy	4389
nijawën	11705
nijawës	5852
nijawëtë	98035
nijawëtën	10242
nijawëtëty	100961
nijawëty	23411
nijayëtë	4389
nijë'ë	8779
nijë'ëy	2926
nijëëytyä'äky	2926
nijëna'a	592599
nijëna'ajës	36580
nijënu'un	124372
nijënu'unës	13168
nijoykyëjxm	2926
nijoykyijxy	2926
nijuux	8779
nijuuxën	5852
nijuuxy	5852
nik	2926
Nik	4389
nikä'äpyëm	2926
nikajëna'a	2926
nikajpx	81939
nikajpxa'antë	2926
nikajpxa'any	29264
nikajpxa'anyën	2926
nikajpxäämpy	16095
nikajpxäämpyën	21948
nikajpxäämpyës	5852
nikajpxë	2926
nikajpxëp	4389
nikajpxëty	17558
nikajpxëtyës	4389
nikajpxmëty	2926
nikajpxpäjtë	14632
Nikajpxpätë	2926
nikajpxpety	2926
nikajpxtë	58528
nikajpxtën	2926
Nikajpxtu'ut	2926
nikajpxtutpë	10242
nikäjpxy	65844
nikäjpxyën	39506
nikäjpxyës	5852
nikäjpxyp	16095
nikäjpxypën	16095
Nikäjpxytyunës	2926
nikanaak	13168
nikäxë	5852
nikay	2926
nikë	242892
nikë'ë	8779
nikë'ëjën	4389
nikë'ëpë	7316
nikë'ëpën	4389
nikëëts	4389
nikejy	5852
nikemy	2926
nikëxë'ëky	11705
nikëxë'kp	8779
nikëxë'kpën	2926
niko'owpety	2926
nikojtu'uty	4389
nikonë	24874
nikopk'ajtëtë	5852
nikopk'ajtëtën	2926
nikopk'ajtëtëp	2926
nikopk'atëp	4389
nikoyën	11705
nikujk	2926
nikujkwä'kxy	36580
nikujkwä'kxypyë	14632
Nilë	27800
nimä'kxën	2926
nimä'kxëty	2926
nimä'kxtë	5852
Nimä'kxtëkës	2926
nimaa	76086
nimaajës	5852
nimajk	54138
nimajkjatypyën	2926
nimajkmäjtsk	52675
nimajkmäjtskpë	40969
nimajkmokx	7316
nimajkmokxtëkëëk	8779
nimajkpë	11705
nimajkta'px	11705
nimajktaxk	52675
nimajktaxkpë	26337
nimajktu'uk	10242
nimäjtsk	371655
nimäjtskëty	26337
nimäjtskjaty	8779
nimäjtskpë	100961
nimay	270693
nimay'atë	2926
nimayëtëp	2926
nimayëty	5852
nimayjyä'äy	4389
nimaypyë	24874
nime'kxy	2926
nimëjaaw	7316
nimëko'px	35117
nimëko'pxën	2926
nimëko'pxpë	2926
nimëkoxk	57065
nimëkoxkpë	16095
nimëkoxpë	10242
nimëpëjktsowëtë	2926
nimëti'ipë	30727
nimëtya'ak	10242
nimëtya'aka'any	11705
nimëtya'aka'anyës	4389
nimëtya'akäämpy	8779
nimëtya'akäämpyën	4389
Nimëtya'akäämpyës	4389
nimëtya'akëty	10242
nimëtya'akëtyës	5852
nimëtya'aktë	35117
nimëtya'aktën	7316
nimëtya'aktëty	5852
nimëtyä'äky	23411
nimëtyä'äkyën	4389
nimëtyakë	2926
nimëtyakëm	4389
nimëtyakëmë	4389
nimëtyakëmën	2926
nimëtyakmëty	5852
nimëtyäkpy	8779
nimëtyaktë	11705
nimëtyaktëp	2926
nimëtyaktso'ony	4389
nimëtyäky	4389
nimiimpy	2926
nimiinëp	4389
nimiinëtëpën	2926
nimiinkës	10242
nimiintë	4389
nimiintëkës	2926
Nimiintëkës	4389
nimiintëp	2926
nimina'any	2926
nimintë	7316
niminy	36580
niminyë	2926
Nimon	2926
nimrá	2926
Nimrod	8779
Nimsi	7316
ninaak	10242
ninaax	2926
ninëjkx	8779
ninëjkxäämpy	4389
ninëjkxëmë	2926
ninëjkxëp	5852
ninëjkxëty	2926
ninëjkxmëty	4389
ninëjkxtë	16095
ninëjkxtëty	4389
ninëjkxy	20484
nini'kx	32190
nini'kxën	10242
nini'kxës	23411
Nínive	39506
nino'okpyë	39506
nino'oktë	4389
nino'oky	70234
nino'okyën	5852
ninoky	2926
ninu'kxta'aktë	2926
ninu'un	291178
ninu'unës	7316
nip	4389
nipät	2926
nipätën	4389
nipaye'epy	2926
nipaye'epyën	4389
nipaye'ey	16095
nipaye'eyäämpyës	2926
nipaye'eyë	7316
nipaye'eyën	106814
nipaye'eyënë	4389
nipaye'eyëty	2926
nipaye'eykyës	4389
nipaye'eytyë	10242
nipëjkpety	4389
nipëjktaakë	19021
nipëjktaakëja'any	2926
nipëjktaakës	2926
nipëjktaakëtë	8779
Nipëjktaakëtë	8779
nipëjktaakëtëty	4389
nipën	10242
nipëtë'ëk	5852
nipëtë'ëka'antë	2926
Nipëtë'ëktë	2926
nipiiwpetypë	2926
nipoj	11705
niptëp	2926
niptëpën	5852
nipyu'ts	2926
Nisroc	2926
nitajë	4389
nitajy	2926
nitaxtujkpë	4389
niteety	2926
nitëjkëmë	2926
nitëjkëyëp	19021
nitëjkëyëtëp	2926
nitëkë	2926
nitëkë'px	57065
nitëkëëk	108277
nitëkëëkpë	40969
nitëkëëkpëky	2926
nitëkëtë	11705
nitëkëty	2926
nitëkokyë	109740
nitëtujk	30727
nitëtujkpë	2926
nitëy'äty	2926
nitëyë	16095
nitii	357023
nitiijës	35117
nitiiputëjkën	4389
nitiitsëtyu'un	2926
nitiituunk	13168
niTios'aty	4389
nitituunk	8779
nitookpyë	11705
nitookpyën	13168
nitooky	4389
nitoopyën	2926
nitooytyëpën	2926
nitsëtyut	2926
nitsiptu'unëmë	2926
nitsiptun	8779
nitsiptuntë	4389
nitsiptuny	4389
nitso'okaanp	2926
nitso'ony	2926
nitsokën	127299
nitsokënës	2926
nitsoony	4389
nitsuu	11705
nitu'k'aaw	8779
nitu'kë'ëyë	7316
nitu'kjënu'un	13168
nitu'kjënu'unën	4389
nitu'kmëko'px	5852
nitu'kmil	19021
nitu'knu'un	2926
nitu'knu'unën	4389
nitu'kpoty	4389
nitu'ktukyën	2926
nitu'kxëëw	2926
nitu'uk	314590
nitu'ukën	14632
nitu'ukjaty	200459
nituktujk	8779
nituky	7316
nitun	4389
nitunën	5852
nituny	7316
nitunypë	2926
nituunkën	2926
niwa'aktë	2926
niwa'anëmë	2926
niwa'ats	61454
niwa'ktaayëtës	2926
niwäänë	35117
niwäänëpë	10242
niwäänëty	2926
niwaantu'ut	2926
Niwëëntë	2926
niwëxtujk	76086
niwëxtujkjaty	2926
niwëxtujkpë	24874
niwëxtyikxy	16095
niwëxtyikxymyajk	20484
niwëxtyikxymyajkën	2926
niwëxytyikxymyajkpë	4389
niwi'ix	16095
niwi'ix'äämpy	4389
Niwi'ix'äämpy	24874
niwi'ixtsow	24874
niwijpën	7316
niwijy	17558
niwinë	8779
niwinëty	4389
niwinpijtëkës	2926
niwinpijtëmë	2926
niwinpit	7316
Niwinpitë	2926
niwinpitëty	2926
niwinpittëty	2926
niwinpity	4389
niwits	16095
niwitsy	2926
nixaj	2926
nixajë	2926
nixämpyë	19021
nixämy	21948
nixämyën	2926
nixëëwtuntë	4389
nixim	160953
nixo'ompyë	4389
nixo'omy	2926
nixo'omyën	2926
niya'axtë	8779
niyä'äxy	2926
niyam	160953
niyäxypyës	2926
niye'etyëjk	2926
niye'etyëjkës	4389
nja	10242
njä'a	4389
njä'ä	23411
njä'ä'ajtëpën	7316
njä'ä'ajtmëty	5852
njä'ä'ajtyp	8779
njä'ä'ajtypyën	17558
njä'ä'atäämpy	4389
njä'ä'atëpën	2926
njä'ä'atëty	8779
njä'ä'aty	2926
njä'äjës	4389
njä'äjëty	4389
nja'ajtä'äkyën	2926
nja'ajtë	32190
nja'ajtëmë	5852
nja'ajtës	5852
nja'ajty	4389
nja'akyujkëmë	4389
nja'akyujkëmëty	5852
nja'akyukë	24874
nja'akyukën	4389
nja'akyukëtyës	2926
nja'amëmë	5852
nja'amëty	23411
nja'amyäjtsëmë	2926
nja'amyätsa'any	10242
Nja'amyätsäämpyës	2926
nja'amyätstë	10242
nja'amyätstëty	5852
nja'amyejtsy	5852
nja'amyejtsyp	4389
nja'amyejtsypës	10242
nja'amyetsy	21948
njä'äniwäämpy	2926
nja'ap	16095
nja'apën	54138
nja'apës	7316
nja'atyëkooynyë	5852
nja'atyëkoy	5852
nja'atyëkoyä'äny	5852
nja'atyëkoyës	2926
nja'atyëkoytyë	5852
nja'awëkyëtä'äky	2926
nja'awëmëty	2926
nja'awën	17558
nja'awënë	10242
nja'awënës	16095
nja'awëtyëp	4389
nja'awëy	5852
nja'ay	11705
nja'ay'ajtëm	2926
nja'ay'ajtëmë	7316
nja'ay'ajtëmën	2926
nja'ay'ajtmëty	5852
nja'ay'atäämpy	2926
nja'ay'atë	5852
nja'ay'atëty	8779
nja'ay'atëtyës	2926
nja'ay'äty	7316
nja'ay'ätyën	2926
nja'ayës	14632
nja'ayëtyës	4389
nja'ëna'any	8779
nja'ënaanpë	2926
nja'ënëëmë	2926
nja'ënëëmëtë	4389
nja'ënëëmëty	2926
nja'ixta'ay	8779
nja'ta'any	4389
nja'të	4389
nja'tëty	17558
nja'tëtyës	2926
nja'ty	11705
nja'tyës	4389
njääjëty	4389
njaak	14632
njaak'ixëtyës	2926
njaakjuuky'ajtëmë	2926
njaakjuuky'ajtëmën	2926
njaakjuuky'ajtmëty	2926
njaakjuuky'ata'any	8779
njaakjuuky'äty	4389
njaakjuuky'ätyën	2926
njaakpëjktä'äky	2926
njaakwë'ëmyës	5852
njaakyaj'u'unk'aty	2926
njaamteeny	2926
njaanty	2926
njaantyja'awëmë	4389
njaantyja'awëmëty	4389
njaantyjya'ap	4389
njaantyjya'apës	2926
njaantyjya'awëm	2926
njaantyjya'awëmë	2926
njaantyjyawë	4389
njääpy	4389
njajnëtë	2926
njajt	2926
njajta'ay	2926
njajta'ayëmë	2926
njajtëm	7316
njajtëmë	4389
njajtmëty	8779
njajty	2926
njakäjpxy	7316
njakäjpxypën	2926
njake'eky	4389
njamay	10242
njamëët'aty	4389
njamëkajpxtë	7316
njamëkäjpxy	10242
njamënu'kxtä'äky	2926
njamëtoy	4389
njamëtyä'äky	2926
njamo'otë	4389
njamo'otën	5852
njämyëët'atäämpy	5852
njämyëët'aty	2926
njanäjyawëty	4389
njanija'apës	2926
njanijawë	2926
njanijawëjantëp	2926
njanikäjpxy	4389
njanimay'ajtëmë	2926
njaninëjkxa'antë	4389
njanty	27800
njapa'ëyoy	2926
njat	10242
njatajtë	2926
njatajy	4389
njatë	10242
njatës	2926
njatëty	17558
njatëtyës	2926
njatsojkëm	2926
njatsojkpy	2926
njatsojkpyën	4389
njatsojkpyës	11705
njatsoky	8779
njatsokyën	2926
njatuk'ënä'ämtën	4389
njatuk'ëwaanëtë	5852
njatukmëmëtyaktëpën	2926
njatuknipëjktaakë	2926
njatuna'anyën	4389
njatuny	2926
njatunyën	4389
njaty	51212
njatyën	2926
njawë	109740
njawëja'antë	5852
njawëja'any	5852
njawën	2926
njawës	8779
njawëtë	17558
njawëtën	2926
njawëty	2926
njawoowmuka'antë	2926
njayajpatëmë	2926
njayajtëy	2926
një'ëja'any	2926
nje'etsyës	2926
një'ëy	24874
një'ëyënës	5852
një'kxmëty	8779
një'kxtëty	2926
një'kxy	14632
një'kxyp	5852
njëëky	43896
njëën	46822
njëëytyak	4389
njëjp	2926
njëjp'ijxëm	5852
njëjp'ijxëmë	10242
njëjp'ijxëmën	7316
njëjp'ijxmëp	2926
njëjp'ijxmëty	8779
njëjp'ijxtëp	2926
Njëjp'ijxtëpës	7316
njëjp'ijxyp	2926
njëjp'ijxypës	4389
Njëjp'ijxypës	5852
njëjp'ijxypyës	5852
njëjp'ixy	2926
njëjpës	2926
njëjpye'eytyu'uty	2926
njëkyejpyës	2926
njëkyepy	14632
njëmëjt	7316
njëmëjtës	2926
njëmëjtnë	5852
Njëpëjkta'ajäämpyës	2926
njëpëka'any	4389
njëpëka'anyës	2926
njëpëkäämpyës	7316
Njëpëkäämpyës	7316
njëpëky	8779
njëtita'any	2926
njëtitë	4389
njëtity	2926
njëxk	5852
njëyujk	20484
njëyujkës	4389
njijtä'ämyëty	2926
njo'otsa'any	2926
njo'tsta'ayës	2926
njojkënës	2926
njoky	7316
njoot'ajt	16095
njoot'an	7316
njoot'anës	2926
njoot'anpëky	10242
njoot'anpëkyën	5852
njootjoty	7316
njootjotyës	8779
njot	213628
njot'ajtëmë	2926
njotës	5852
njotëty	2926
njotjoty	2926
njotkujk'ajtën	2926
njotkujk'ajtënës	4389
njotkujk'atëty	2926
njotkujk'aty	2926
njotkujkëty	5852
njotmay'ajtëm	2926
njotmayës	13168
nju'të	4389
nju'ty	2926
nju'uymyëty	4389
njuukpyëjkëmë	2926
njuukpyëkëty	2926
njuukpyiky	2926
njuuky'ajtëm	7316
njuuky'ajtëmë	17558
njuuky'ajtëmën	5852
njuuky'ajtmëty	21948
njuuky'ata'any	10242
njuuky'ata'anyën	2926
njuuky'atë	8779
njuuky'atën	2926
njuuky'atëty	17558
njuuky'atëtyën	2926
njuuky'atëtyës	8779
njuuky'äty	24874
njuuky'ätyën	26337
njuuky'ätyës	2926
njuukyajtën	48285
njuukyajtën'ajtëm	5852
njuukyajtënës	65844
njuukyajtënëty	4389
njuukyjot	4389
njuukyjotës	7316
njuutäämpyës	2926
Njuutäämpyës	2926
njuutë	10242
njuutëty	2926
njuuty	7316
njuutyën	2926
njuy	7316
njuyëty	4389
njuyëtyës	2926
nka	7316
nka'ajëty	2926
nkä'ämyëty	4389
nkä'äxkopk'ajtyp	2926
nka'ayëm	5852
nka'ayën	4389
nka'ayënës	2926
nka'ëk'ixanë	2926
nka'ixtija'any	2926
nka'ixy	4389
nka'ixyës	2926
nkääky	2926
nkääkyës	2926
nkaaypyäjnën	4389
nkaaytya'ajëty	2926
nkaja'akyukë	2926
nkajaty	2926
nkajawë	2926
nkajpn	73160
nkajpn'ajtëm	10242
nkajpn'ajtëmë	7316
nkajpn'ajtëmën	4389
nkajpn'ajtyp	7316
nkajpn'ajtypyën	19021
nkajpn'atë	4389
nkajpn'atës	2926
nkajpnën	51212
nkajpnës	165342
nkajpnëtyën	8779
nkajpnëtyës	2926
nkajpnjotmës	2926
nkajpnjotyës	5852
nkajpxa'any	7316
nkajpxa'anyës	2926
nkajpxäämpy	4389
nkajpxäämpyën	8779
nkajpxëmën	5852
nkajpxëty	16095
nkajpxëtyën	2926
nkajpxmëty	2926
nkajpxpëtsëëmpyën	2926
nkajpxpo'kxënës	2926
nkajpxpo'kxtë	4389
nkajpxta'ay	2926
nkajpxtë	7316
nkajpxtë'ëwënës	2926
nkajpxtëko'oyën	2926
nkajpxtëko'oyënëty	4389
nkajpxtëkoy	2926
nkajpxwa'kxë	4389
nkajpxwa'kxëty	14632
nkajpxwa'kxëtyës	8779
nkajpxwa'kxtë	2926
nkajpxwa'kxtën	2926
nkajpxwä'kxtën	2926
nkajpxwa'kxtëpën	2926
nkajpxwä'kxy	10242
nkajpxwä'kxyën	2926
nkajpxwä'kxypyën	2926
nkajpxwë'ëmy	2926
nkajpxwijënës	2926
nkajpxwijtë	4389
nkäjpxy	54138
nkäjpxy'ajtëmë	2926
nkäjpxy'atë	8779
nkäjpxy'atës	2926
nkäjpxy'ätyësën	2926
nkäjpxyën	16095
nkäjpxyës	5852
nkäjpxyjyä'äkyukëtë	4389
nkäjpxykyumëtoownajxëmë	2926
nkäjpxykyumëtoownaxtë	2926
nkäjpxykyumëtoownaxy	2926
nkäjpxynyajxpë	4389
nkäjpxynyajxpës	10242
nkäjpxynyajxpëtëjkës	10242
nkäjpxynyajxpëty	4389
nkäjpxyp	7316
nkäjpxypën	26337
nkäjpxytyu'unënës	27800
nkäjxmëty	2926
nkäjxtë	2926
nkäjxtëp	2926
nkakäjpxy	2926
nkakëjxmëty	4389
nkäkëmë	2926
nkäkmëty	2926
nkakupëkëty	2926
nkam	10242
nkamëët'ajtëm	2926
nkamëët'aty	2926
nkamëëtëty	4389
nkamës	4389
nkamëtoy	2926
nkamëtyës	4389
nkamjotmës	2926
nkanëjkxtë	2926
nkanëjkxy	2926
nkanija'ap	2926
nkanija'awëmë	2926
nkanijawë	4389
nkanijawës	2926
nkanijawëtë	4389
nkanikäjpxy	2926
nkapaatës	4389
nkapaaty	5852
nkapo'kxy	2926
nkatsë'ëkë	2926
nkatsojkpyës	2926
nkatsu'utsy	2926
nkatu'unëm	2926
nkatukjaty	2926
nkatunyën	2926
nkawin'ixynyëm	2926
nkäxa'any	16095
nkäxa'anyën	4389
nkäxäämpy	7316
nkäxäämpyës	10242
Nkäxäämpyës	11705
nkäxëp	2926
nkäxëpës	5852
nkäxëty	10242
nkäxëtyës	2926
nkäxtë	16095
nkäxtën	4389
nkäxtëty	2926
nkay	8779
nkayä'äny	4389
nkayajpaata'any	2926
nkayajwë'ëmtës	2926
nkayëty	2926
nkë'ë	48285
nkë'ëjën	2926
nkë'ëjës	2926
nkë'ëk	2926
nkë'ëkëjxmës	2926
nkë'ëkëjxyës	7316
nkë'ëm	11705
nkë'ëmjot	2926
nkë'ëmjuukyajtënës	4389
nkë'ëmo'oja'any	2926
nkë'ëmo'oy	2926
nkë'ëmwinma'any	8779
nkë'ëmwinma'anyës	2926
nkë'ëyaka'antë	8779
nkë'ëyaka'any	7316
Nkë'ëyakäämpyës	2926
nkë'ëyakëty	4389
nkë'ëyäky	17558
nkë'ëyäkyës	2926
nkëjxmëty	4389
nkejxy	5852
nkejxyp	4389
nkejxypyën	2926
nkënu'kxa'antë	2926
nkënu'kxa'any	7316
nkënu'kxäämpyës	10242
nkënu'kxënës	7316
nkënu'kxëty	4389
nkënu'kxta'ajäämpyës	4389
nkënu'kxtë	2926
nkënu'kxy	13168
nkënu'kxyën	2926
nkënu'kxyjya'apës	5852
nkënu'kxyjyawëja'any	2926
nkënu'kxyjyawëja'anyës	4389
Nkënu'kxyjyawëjäämpyës	5852
nkëpajk	13168
nkëpajkën	4389
nkëpajkës	2926
nkëpäjnëtë	4389
nkëpäjnëtës	2926
nkëpäjtëm	4389
nkëpäjtmëty	7316
nkëpätë	14632
nkëpätëp	2926
nkëpätëty	14632
nkëpätëtyës	4389
nkëpety	14632
nkëpetyën	20484
nkëpetyës	5852
nkëtä'äky	4389
nkëtay	4389
nkëtyey	2926
nkëwent'ajtëpës	2926
nkëwent'ajtyp	2926
nkëwent'ata'any	7316
nkëwent'atäämpy	4389
nkëwent'atäämpyës	7316
nkëwent'atëp	7316
nkëwent'aty	8779
nkëx'ixy	2926
nkëxja'ayën	2926
nkexy	24874
nkexyën	7316
nkexyës	5852
nkijpxa'any	2926
nkoj'oyëjä'äny	2926
nkoja'any	11705
nkoja'anyës	2926
nkojäämpyën	2926
nkojë	2926
nkojëty	4389
nkojtë	8779
nkojtëty	2926
nkojy	7316
nkojyën	10242
nkojyës	2926
nkopk	13168
nkopk'ajtëm	10242
nkopk'ajtëmën	2926
nkopkën	16095
nkopkës	4389
nkopktëjkëty	4389
nkopktëjkëtyës	2926
nKristëty	2926
nkruutspety	2926
nku'ëtsowëp	2926
nku'ëyo'owëmëty	2926
nku'ëyowëtë	4389
nku'itë	2926
nku'ix	2926
nku'ixëja'antë	4389
nku'ixëtë	20484
nku'ookëtëty	2926
nku'uxëtëty	2926
nkujëën	2926
nkujuyäämpyës	2926
nkujuyëty	2926
nkukajpxë	11705
nkukajpxëja'any	5852
nkukajpxëp	2926
nkukajpxëpës	10242
Nkukajpxëpës	11705
Nkukajpxëpësë	2926
nkukajpxës	4389
nkukajpxëtë	7316
nkukajpxëtëpës	2926
nkukäjpxy	2926
nkukexyës	2926
nkuma'ayën	5852
nkuma'ayën'ajtyp	2926
nkuma'ayës	14632
nkumaakojnëpë	2926
nkumay	4389
nkuminëtën	2926
nkumon	10242
nkupaatëtë	2926
nkupëjkëm	4389
nkupëjkmëty	7316
nkupëjkpyës	2926
nkupëka'any	14632
nkupëkëty	2926
nkupëktë	4389
nkupëktëty	4389
nkupëky	13168
nkupi'its	2926
nkupixyny	8779
nkupixynyës	27800
nkupixynyëtyës	2926
nkupo'ojënyë	2926
nkupojëty	4389
nkupujxta'aja'anyës	2926
nkutajëty	4389
nkutëjkës	2926
nkutujkën	8779
nkutujkënës	14632
nkutujkpë'ajtypyën	2926
nkutujkpëty	5852
nkutujktakn	7316
nkutujktaknën	17558
nkutujktaknës	4389
nkutukë	2926
nkutukëty	4389
nkuuy'ëw	2926
nkuuy'ëwa'any	2926
nkuuy'ëwäämpy	5852
nkuuy'ëwäämpyës	4389
nkuuy'iy	4389
nkuuy'iyës	2926
nkuuyä'äxy	2926
nkuuytyuna'any	4389
nkuuytyunäämpyës	11705
nkuuytyunëty	5852
nkuuyya'axëty	2926
nkuwa'anäämpy	4389
nkuwa'anäämpyës	4389
nkuwa'any	7316
nkuwaayën	2926
nkuyu'tsmëty	2926
nkuyu'utsy	4389
nmä'ämyëty	4389
nma'awyijy	4389
nma'ay	4389
nma'ayëm	2926
nma'kxtë	2926
nmä'kxtujkën	2926
nmä'kxtujkënës	2926
nmä'kxtuky	2926
nmä'kxyën	4389
nmaank	16095
nmaankës	46822
nmaankëty	2926
nmaapäjnën	2926
nmääpy	7316
nmaay	8779
nmaayës	5852
nmajtsmëty	7316
nmajtstë	2926
nmatsa'antë	4389
nmatsy	4389
nmay	70234
nmaytyë	4389
nmë	2926
nmë't'atëty	2926
nmeeny	8779
nmeenyës	5852
nmëët'ajtëm	24874
nmëët'ajtëmë	13168
nmëët'ajtëmën	17558
nmëët'ajtëp	2926
nmëët'ajtëpën	4389
nmëët'ajtëpës	7316
nmëët'ajtmëty	13168
nmëët'ajtyp	11705
nmëët'ajtypës	11705
nmëët'ajtypyën	26337
nmëët'ajtypyës	24874
nmëët'ata'any	2926
nmëët'atë	14632
nmëët'atën	2926
nmëët'atës	5852
nmëët'atëty	10242
nmëët'atëtyës	2926
nmëët'aty	32190
nmëët'atyën	8779
nmëët'atyës	10242
nmëëtës	7316
nmëëtëty	64381
nmëëtëtyën	2926
nmëëtëtyës	5852
nmëëtmëpëjkpë'ajtëm	2926
nmëj	10242
nmëj'ajt	24874
nmëj'ajtënës	17558
nmëjaaw	10242
nmëjaawës	14632
nmëjaawkëxy	2926
nmëjaawnë	4389
nmëjajtën	14632
nmëjë'ëy	2926
nmëjëën	2926
nmëjja'ap	8779
nmëjja'aw	20484
nmëjja'ayënë	14632
nmëjjaw	10242
nmëjjawëja'any	7316
nmëjojkpy	2926
nmëjpëjkta'aka'any	5852
nmëjpëjkta'akäämpy	2926
Nmëjpëjkta'akäämpy	2926
Nmëjpëjkta'akäämpyës	8779
nmëjpëjktä'äky	7316
nmëjpëjktakëpës	2926
nmëjpëjktakmëty	2926
nmëjpëjktäkpy	2926
nmëju'uny	2926
nmëjutiis	2926
nmëjuyä'äny	2926
nmëjuyëty	2926
nmëjwa'kpety	4389
nmëk'ajtën	11705
nmëk'ajtënës	17558
nmëkä'äx'ajtyp	7316
nmëkä'äx'ajtypës	2926
nmëkä'äxës	7316
nmëkä'äxtëjk	2926
nmëkajpxa'any	10242
nmëkajpxäämpy	4389
nmëkajpxëty	7316
nmëkajpxtë	2926
nmëkajpxtëty	2926
nmëkäjpxy	45359
nmëkäjpxyën	5852
nmëkäjpxyës	4389
nmëkäjpxyp	13168
nmëkëpäjtmëtyë	2926
nmëkja'ap	2926
nmëku'uk	16095
nmëku'uk'ajtëm	49749
nmëku'uk'ajtëmë	48285
nmëku'uk'ajtëmën	4389
nmëku'uk'ajtëpën	2926
nmëku'ukën	2926
nmëku'ukës	49749
nmëku'ukëtyës	11705
nmëku'ukjawë	2926
nmëku'uktëjk	7316
nmëku'uktëjkës	20484
nmëku'uktëjkëtyës	2926
nmëkukajpnën	2926
nmëkukajpnës	4389
nmëkukajpnëty	2926
nmëkunaax	8779
nmëkxäj	2926
nmëkxejy	2926
nmëma'ay	17558
nmëmääpy	19021
nmëmaay	4389
nmëmaaywyätsy	2926
nmëmay	42433
nmëmayä'äny	2926
nmëmayäämpy	5852
nmëmëta'akëty	5852
nmëmëta'akëtyës	2926
nmëmëta'aktë	4389
nmëmëta'aktëty	4389
nmëmëtä'äky	5852
nmëmëtakmëty	7316
nmëmëtakta'atë	2926
nmëmëtakta'ay	4389
nmëmëto'owëm	2926
nmëmëtoopyës	4389
nmëmëtoy	4389
nmëmëtya'aka'any	2926
nmëmëtya'akëty	2926
nmëmëtya'aktë	10242
nmëmëtyä'äky	4389
nmëmi'inëmë	2926
nmëmiinpy	7316
nmëmintë	4389
nmëminy	5852
nmëminyës	2926
nmënajx	5852
nmënax	7316
nmënaxy	14632
nmënëjkxa'antë	2926
nmënëjkxa'antës	2926
nmënëjkxa'any	2926
nmënëjkxy	2926
nmënëjkxyp	2926
nmënu'kxta'akëty	10242
nmënu'kxta'aktë	17558
nmënu'kxtä'äky	32190
nmënu'kxtä'äkyës	2926
nmënu'kxtaktëp	5852
nmëpëjkëm	7316
nmëpëjkëmë	30727
nmëpëjkëmën	5852
nmëpëjkën'ajtëm	4389
nmëpëjkën'ajtëmë	2926
nmëpëjkmëty	13168
nmëpëjkpyës	10242
nmëpëjktsoopy	2926
nmëpëjktsoy	10242
nmëpëkëty	7316
nmëpëktë	7316
nmëpëktëty	2926
nmëpeky	2926
nmëpëky	17558
nmëpekyës	2926
nmëpujxntëjk	4389
nmëta'aka'any	2926
nmëta'akëty	8779
nmëtä'äky	5852
nmëtaja'anyës	2926
nmëtajäämpy	5852
nmëtajmëty	13168
nmëtäjpy	13168
nmëtäjpyën	2926
nmëtajtë	2926
nmëtajy	27800
nmëtajyën	4389
nmëtajyës	2926
nmëtakmëty	2926
nmëtëko'oyëmë	2926
nmëtëkoy	19021
nmëtëkoyës	4389
nmëtëkoytyë	8779
nmëto'owëmë	4389
nmëto'owëmën	7316
Nmëtoopyës	4389
nmëtoow'ita'any	2926
nmëtoow'itäämpyës	4389
nmëtoow'ity	13168
nmëtoowës	4389
nmëtoowkukë	2926
nmëtoownë	2926
nmëtoowpaaty	2926
nmëtoowta'ay	5852
nmëtooy	21948
nmëtooyës	29264
nmëtowa'any	2926
nmëtowtë	7316
nmëtowtën	5852
nmëtoy	52675
nmëtoy'äty	4389
nmëtoyën	10242
nmëtoyës	8779
nmëtsip	39506
nmëtsip'ajtëmë	10242
nmëtsip'ajtëmën	2926
nmëtsipën	10242
nmëtsipës	54138
nmëtsipëtyës	5852
nmëtsiptëjk	19021
nmëtsiptëjkën	16095
nmëtsiptëjkës	40969
nmëtsiptëjkëtyës	2926
nmëtsiptuunpyën	2926
nmëtsyo'owmëty	4389
nmëtu'unëm	2926
nmëtu'unëmën	2926
nmëtu'unmëty	8779
nmëtun	2926
nmëtunäämpy	2926
nmëtunantëp	2926
nmëtunëty	10242
nmëtuntë	4389
nmëtuntës	4389
nmëtuntëty	4389
nmëtuntëtyës	2926
nmëtuny	19021
nmëtunyën	7316
nmëtunyës	2926
nmëtuumpy	4389
nmëtuumpyën	7316
nmëtuun	2926
nmëtya'aka'any	4389
nmëtya'akäämpy	2926
nmëtyä'äky	8779
nmëtyä'äkyën	10242
nmëtyä'äkyënës	2926
nmëtyä'äkyës	2926
nmëtyakëm	2926
nmëtyakëmë	2926
nmëtyakmëty	5852
nmëtyäkpyën	2926
nmëtyo'owmëty	5852
nmëwë'ëmëty	2926
nmëwinjëkäm'ajtypyës	2926
nmëwinko'onëm	4389
nmëwinko'onmëty	2926
nmëxu'unk'ajtëmë	2926
nmëxu'unk'ajty	7316
nmëxu'unk'atëty	2926
nmëxu'unk'aty	2926
nmëyäxy	4389
nmiiny	4389
nmiinyën	2926
nmina'any	5852
nmina'anyës	4389
nminëty	5852
nmintë	11705
nminy	35117
nminyëm	4389
nmo'oja'antë	20484
nmo'oja'antës	10242
nmo'oja'any	32190
nmo'oja'anyën	2926
nmo'oja'anyës	4389
nmo'ojäämpy	49749
nmo'ojäämpyën	10242
nmo'ojäämpyës	17558
nmo'ojantëp	13168
nmo'ojantëpën	13168
nmo'ojëp	11705
nmo'ojëpës	2926
nmo'ojëty	46822
nmo'omyëp	2926
nmo'omyëty	2926
nmo'otë	40969
nmo'otën	24874
nmo'otës	8779
nmo'otëty	13168
nmo'otëtyës	2926
nmo'oy	52675
nmo'oyëmën	4389
nmo'oyën	8779
nmo'oyës	7316
nmony	11705
nmonyë	10242
nmoopy	13168
nmoopyën	5852
nmoopyënës	2926
nmoopyës	4389
nmooy	8779
nmooyën	7316
nmooyës	4389
nmooytya'ajäämpy	2926
nmooytyën	10242
nmooytyëp	11705
nmooytyëpën	7316
nnaax	222407
nnaax'ajt	11705
nnaax'ajtyp	8779
nnaaxës	13168
nnaaxëty	2926
nnaaxjotmën	2926
nnajtstunën	4389
nnajtswopëja'antë	2926
nnajtsxajë	2926
nnajxtë	4389
nnajxy	2926
nnäjya'awëmë	4389
nnäjyawëja'anyë	4389
nnäjyawëtëty	4389
nnäjyawëty	48285
nnäjyawëtyën	5852
nnäkyoxtënaaytyakë	2926
nnäkyukajpxëtëty	2926
nnänyikëxë'ëkyë	4389
nnäpyëjktä'äkyë	8779
nnäpyëjktä'äkyës	2926
nnäpyutëjkëmëty	2926
nnaxëty	2926
nnaxy	17558
nnaxyën	7316
nnäyjya'awëmëty	2926
nnë'ë	16095
nnë'ëye'ey	4389
nnëë	17558
nnëëmë	2926
nnëëx	11705
nnëëx'ajtëm	2926
nnëëx'ajtëmë	2926
nnëëxës	10242
nnëjkxa'any	8779
nnëjkxëty	26337
nnëjkxtë	10242
nnëjkxtëty	2926
nnëjkxtëtyës	2926
nnëjkxy	39506
nnëjkxyën	5852
nnëjkxyës	14632
nnëjxtë	4389
nnëkëjxm'ajtypyën	2926
nni	2926
nni'ënä'ämë	2926
nnija'apës	24874
nnija'awëm	17558
Nnija'awëm	23411
nnija'awëmë	13168
nnija'awëmën	2926
nnija'awëmëty	8779
nnija'awëtëpës	4389
nnijawë	38043
nnijawëja'any	2926
nnijawëjäämpyës	2926
nnijawëtë	11705
nnijawëty	4389
nnijayë	2926
Nnijayë	8779
nnijäyëtë	17558
nnikajpx	2926
nnikajpxa'any	4389
nnikajpxäämpy	5852
nnikajpxtën	4389
nnikajpxtëpën	4389
nnikäjpxy	42433
nnikäjpxyën	7316
nnikäjpxyp	7316
nnikäjpxypën	8779
nnimëtya'akäämpyës	4389
nnimëtya'akëty	2926
nnimëtya'aktë	4389
nnimëtyä'äkyën	2926
nnimëtyakmëty	2926
nnimëtyäkpy	2926
nnimintë	2926
nniminy	2926
nnini'kx	4389
nnini'kxës	2926
Nnipëtë'ëkäämpyës	2926
nnitsokënës	2926
nniya'axa'any	2926
nnu'kxtakën	4389
nnu'kxtakënës	10242
no'kpëm	4389
no'kpën	7316
no'okpyë	13168
no'oky	13168
Noá	5852
Noadías	2926
Nob	8779
Nóbah	4389
Noé	83402
Noemi	46822
Nógah	2926
noky	323369
noky'am	2926
nokyën	124372
nokyjoty	36580
nokykyajpxpën	2926
nokykyijxy	13168
nooty	13168
npa'am	2926
npa'amës	2926
npa'ëyoowtëpës	4389
npa'ëyowäämpyës	5852
npa'ëyoy	2926
npa'kxwiinyës	2926
npa'tmëkäjpxy	2926
npaata'anëmë	2926
npaata'any	4389
npaatë	7316
npaatën	5852
npaatës	4389
npaatëty	14632
npaatëtyën	2926
npaatëtyës	2926
npaaty	87792
npaatyën	7316
npaatyës	14632
npajëtity	2926
npajk	4389
npajkës	13168
npajkwiinyës	2926
npanëjkxa'any	2926
npanëjkxantëp	2926
npanëjkxë	2926
npanëjkxëpës	2926
npanëjkxëty	4389
npanëjkxmëty	4389
npanëjkxtës	2926
npanëjkxtëty	2926
npanëjkxyp	4389
npäntë	2926
npapo'oy	2926
npatë	11705
npatëm	4389
npatëmë	5852
npatmëp	5852
npatmëty	33653
npatmëtyën	2926
npatu'unëm	8779
npatu'unmëty	2926
npatuna'any	4389
npatunäämpyës	4389
npatunëty	4389
npatuntëty	2926
npatuntëtyës	2926
npatuny	13168
npatunyën	2926
npatuumpyës	4389
npatuunëtëpës	5852
npatuunta'ay	2926
npatypyës	2926
npaye'ey	8779
npaye'eyä'äny	2926
npaye'eyëty	4389
npë'aayës	5852
npëjkë	8779
npëjkë'ëkëty	2926
npëjkën	5852
npëjkënës	5852
npëjkëtë	4389
npëjkëty	2926
npëjkmëty	2926
npëjkta'aka'any	8779
npëjkta'aka'anyës	5852
npëjkta'akäämpy	2926
npëjkta'akäämpyës	5852
npëjkta'akëty	4389
npëjkta'aktë	2926
npëjktä'äky	57065
npëjktä'äkyën	2926
npëjktä'äkyës	11705
npëjktakmëty	14632
npëjktäkpy	4389
npëjktäky	4389
npëjktsoopy	5852
npëjktsoopyën	2926
npëjktsoopyës	10242
npëjktsoowtëp	2926
npëjktsowtë	19021
npëjktsowtës	2926
npëjktsoy	48285
npëjktsoyë	2926
npëjktsoyën	4389
npëjktsoyës	10242
npëjky	2926
npëkëtyës	2926
npëktëty	2926
npëky	2926
npëkyë	13168
npëtë'ëky	2926
npo'kxën	8779
npo'kxënxëëwës	8779
npo'kxmëty	2926
npo'kxtaknën	5852
npo'kxtë	2926
npo'kxy	10242
npo'oxy	2926
Npojkpyës	7316
npoky	35117
npoky'ajtëm	11705
npoky'ajtëmë	10242
npoky'äjtyp	2926
npoky'atëty	2926
npokyës	19021
npokyëty	2926
npokyjyä'äy'ajtëmë	2926
npokymyä'kxëpës	2926
npokymyä'kxtë	2926
npokymyä'kxtëty	2926
npokymye'kxyp	4389
npokymyëëtëty	4389
npu'utsës	2926
npujxn	2926
nputëkë	10242
nputëkëja'antë	2926
nputëkëja'any	4389
nputëkëtëty	2926
nputëkëty	2926
ntaak	13168
ntaak'ajtyp	7316
ntaak'ajtypës	2926
ntaak'ajtypyës	2926
ntaakën	2926
ntaakës	24874
ntaakëtyës	2926
ntajëm	2926
ntajk	4389
ntajkës	5852
ntajmëty	4389
ntäjpyën	4389
ntajtë	5852
ntajy	46822
ntajyën	13168
ntajyës	7316
ntänë	8779
ntänën	2926
ntatsk	2926
ntëëtsë	5852
nteety	105351
nteety'ajt	39506
nteety'ajtëm	11705
nTeety'ajtëm	13168
nteety'ajtëmë	10242
nteety'ajtëmën	7316
nTeety'ajtëp	2926
nteety'äjtyp	13168
nteetyajtën	2926
nteetyëjkëty	2926
nteetyën	5852
nTeetyën	10242
nteetyës	141931
nteetyëty	7316
nteetyëtyës	10242
ntëjk	17558
ntëjk'ajtëmën	2926
ntëjkëmëty	5852
ntëjkën	57065
ntëjkës	21948
ntëjkëtyë	2926
ntëjkëtyës	7316
ntëjkëy	8779
ntejpxy	2926
ntëkajtsëmë	2926
ntëkë	19021
ntëkëja'antë	2926
ntëkëja'any	4389
ntëkën	4389
ntëkës	2926
ntëkëty	8779
ntëko'oyëmë	4389
ntëkooytya'atëtyës	2926
ntëkotyës	2926
ntëkoy	11705
ntëkoyëty	2926
ntëkoytyë	2926
ntekpya'tkën	2926
nteky	20484
ntekyës	10242
ntemy	2926
ntëyajtën	10242
ntëyajtënës	89255
ntëypyujxn	5852
ntëypyujxnës	5852
ntëytyuna'antë	10242
ntëytyuna'antës	2926
ntëytyuna'any	20484
ntëytyuna'anyën	10242
ntëytyuna'anyës	2926
ntëytyunäämpy	4389
ntëytyunäämpyës	27800
ntëytyuntë	13168
ntëytyuntëty	2926
ntëytyuny	10242
ntëytyunyënës	2926
nti'pxn	4389
ntij	19021
ntijëty	2926
ntijmëty	8779
ntijpy	20484
ntijpyës	2926
ntijtë	4389
ntijyës	2926
ntiktsës	2926
ntim'ixy	5852
ntimjyawë	2926
ntimkyukäkëmë	2926
ntimnyikäjpxy	10242
ntimwyë'ëmtë	2926
ntimwyi'imy	2926
ntimy	42433
ntimy'ënä'äny	2926
ntimy'ënëëmëtë	7316
ntimy'ëxmatsy	2926
ntimy'ookëty	7316
ntimy'ooky	2926
ntimyaj'o'kmëty	7316
ntimyajpaatës	2926
nTios	4389
ntios'ajtëm	2926
nTios'ajtëm	14632
nTios'ajtëmë	26337
nTios'ajtëmën	19021
nTios'ajtëpën	30727
nTios'ajtyp	26337
nTios'ajtypyën	83402
nTios'aty	2926
nTiosës	20484
ntiosëty	2926
nTiosëty	7316
nto'kmëty	4389
nto'oxytyëjk	19021
nto'oxytyëjkës	19021
nto'oxytyëjkëty	2926
ntonëty	2926
ntony	2926
ntoonëty	2926
ntsaayës	4389
ntsajpkaa	2926
ntsajpkaajëty	2926
ntsajpkaajëtyës	8779
ntsajpkaajëtyësë	2926
ntsajpkäjpxy	8779
ntsajpkäjpxyës	8779
ntsajptëjk	4389
ntsajptëjkën	17558
ntsajptëjkës	26337
ntsatsym	5852
ntsäty'ëwxity	2926
ntsë'ë'ajtëmë	2926
ntsë'ëkë	21948
ntsë'ëkëja'any	2926
ntsë'ëkëtë	2926
ntsë'këmë	2926
ntsë'këmëty	7316
ntsë'kënë	2926
ntsë'këp	10242
ntsë'këpën	4389
ntsë'këpës	4389
ntsëënë	8779
ntsëënëja'any	2926
ntsëënëja'anyën	2926
ntsëënëja'anyës	4389
ntsëënën	7316
ntsëënëtë	4389
ntsëënëtën	4389
ntsëënëtëtyën	2926
ntsëënëtyën	2926
ntsëmy	4389
ntsëna'ayëmën	2926
ntsëtyutës	4389
ntsëtyuty	4389
ntsip	38043
ntsippaatyën	2926
ntsiptu'unëmë	5852
ntsiptu'unmëty	5852
ntsiptuna'any	5852
ntsiptunëty	4389
ntsiptunëtyën	2926
ntsiptuntëty	2926
ntsiptuny	7316
ntsiptunyën	2926
ntsiptuunpëjk	2926
ntsiptuunpëtëjk	5852
ntsiptuunpëtëjkës	7316
ntsiptuunpëtëjkëtyës	2926
ntso'okëty	2926
ntso'oky	4389
ntso'onë	4389
ntso'onëmë	2926
ntso'onëmën	2926
ntso'ontë	20484
ntso'ontës	4389
ntso'ony	5852
ntso'onyës	2926
ntsojkëm	2926
ntsojkën	7316
ntsojkën'ajtmëty	2926
ntsojkën'ajtyp	2926
ntsojkën'ajtypyën	4389
ntsojkën'aty	7316
ntsojkënës	5852
ntsojkëp	2926
ntsojkmëty	5852
ntsojkpy	105351
ntsojkpyën	38043
ntsojkpyës	59991
ntsojktë	2926
ntsojktëp	23411
ntsojktëpën	4389
ntsojktëpës	13168
ntsojky	2926
ntsoka'an	2926
ntsoktakn'ajtëm	4389
ntsoktakn'ajtyp	20484
ntsoktaknës	2926
ntsoktë	29264
ntsoktën	5852
ntsoky	62918
ntsokyën	11705
ntsoona'any	5852
ntsoonëty	2926
ntsoonëtyës	2926
ntsoontë	10242
ntsoony	14632
ntsoonyën	5852
ntsowëty	2926
ntsu'kxy	8779
ntsu'uty	2926
ntu'kënës	4389
ntu'u	17558
ntu'ujën	2926
ntu'ujës	23411
ntu'ujëty	2926
ntu'ukmujkëmë	2926
ntu'uky	4389
ntu'un	5852
ntu'unëm	16095
ntu'unëmë	33653
ntu'unëmën	11705
ntu'unën	2926
ntu'unmëp	4389
ntu'unmëty	55601
ntu'uwinye'eyëtyës	4389
ntu'uye'ey	2926
ntu'uye'eyën	2926
ntu'uye'eyës	2926
ntuk'ënä'ämën	2926
ntuk'ënä'ämtë	10242
ntuk'ënä'ämtën	19021
ntuk'ënä'ämtënës	2926
ntuk'ënä'ämtëpën	8779
ntuk'ëne'empyën	5852
ntuk'ëne'emy	8779
ntuk'ëne'emyën	23411
ntuk'ënëëmë	2926
ntuk'ënëëmëjäämpy	7316
ntuk'ënëëmëjäämpyën	17558
ntuk'ënëëmëjantëpën	7316
ntuk'ënëëmëtën	2926
ntuk'ënëmääpyën	4389
ntuk'ënëmaayës	2926
ntuk'ënëmaaytyën	2926
ntuk'ëwa'anëmëty	4389
ntuk'ëwa'anëtëpën	2926
ntuk'ëwa'anëtya'atë	4389
ntuk'ëwa'anëtyëp	4389
ntuk'ëwaanë	13168
ntuk'ëwaanëja'antë	2926
ntuk'ëwaanëja'any	5852
ntuk'ëwaanëjäämpy	5852
ntuk'ëwaanëjantëp	4389
ntuk'ëwaanëjantëpën	2926
ntuk'ëwaanën	7316
ntuk'ëwaanëtë	49749
ntuk'ëwaanëtën	20484
ntuk'ëwaanëtës	2926
ntuk'ëwaanëtëty	26337
ntuk'ëwaanëtëtyës	4389
ntuk'ëwaanëty	23411
ntuk'ëyë'kmëty	2926
ntuk'ëyë'kmëtyën	2926
ntuk'ijt	2926
ntuk'ijtëmë	2926
ntuk'ijxpäjtëm	2926
ntuk'ijxpäjtëp	4389
ntuk'ijxpäjtmëty	11705
ntuk'ijxpätäämpy	2926
ntuk'ijxpätës	2926
ntuk'ijxpejtyp	32190
ntuk'ijxpëktë	4389
ntuk'ijxpëktën	5852
ntuk'ijxpety	8779
ntuk'ixa'any	4389
ntuk'ixäämpyën	2926
ntuk'ixäämpyës	5852
ntuk'ixëp	4389
ntuk'ixëpën	2926
ntuk'ixëty	13168
ntuk'ixtë	2926
ntuk'ixtëty	2926
ntuk'ixy	2926
ntuk'ixyën	5852
ntuk'oy'ajtëmën	2926
ntuk'oy'ajtmëty	7316
ntuk'uukantëp	2926
ntuk'uuky	2926
ntukajpxpejtyp	26337
ntukajpxpety	5852
ntukë'ëtëjkëp	7316
ntukë'ëtëjkëtyä'äy	4389
ntukë'ëtëkë	7316
ntukë'ëtëkëja'any	4389
ntukë'ëtëkëjäämpy	5852
ntukë'ëtëkëtë	4389
ntukëpätëp	2926
ntukja'ajtmëty	2926
ntukja'amyätstë	4389
ntukja'ta'any	2926
ntukjaty	4389
ntukjëtijtëtya'atë	2926
ntukjokë	2926
ntukjoot'amëj'ajtëmë	2926
ntukjoot'anpëka'any	2926
ntukjoot'anpëkäämpyës	4389
ntukjoot'anpëkëty	2926
ntukjoot'anpëktë	11705
ntukjoot'anpëky	7316
ntukjoot'anpëkyës	2926
ntukjotkëtä'äkyën	2926
ntukjotkëtäkpy	2926
ntukjotkëtäkpyën	5852
ntukjotkujk'ajtëm	4389
ntukjotkujk'ajtmëty	5852
ntukjotkujk'ajtyp	19021
ntukjotkujk'aty	4389
ntukjotkujk'atyës	2926
ntukjuuky'atëpën	2926
ntukkajpxpejtyp	8779
ntukmë'ijxkijpxmëp	7316
ntukmëjuyëty	2926
ntukmëkajpxtë	2926
ntukmëkäjpxy	4389
ntukmëmatya'aktë	4389
ntukmëmëtya'aka'antë	5852
ntukmëmëtya'aka'any	5852
ntukmëmëtya'akäämpyën	2926
ntukmëmëtya'akantëpën	5852
ntukmëmëtya'akëty	4389
ntukmëmëtya'aktë	4389
ntukmëmëtya'aktën	7316
ntukmëmëtya'aktës	2926
ntukmëmëtya'aktëty	2926
ntukmëmëtyä'äky	4389
ntukmëmëtyä'äkyën	5852
ntukmëmëtyäkpyën	5852
ntukmëmëtyaktaaytyë	2926
ntukmëmëtyaktë	5852
ntukmëmëtyaktëpën	2926
ntukmëtowäämpyën	2926
ntukmëtowantëpën	4389
ntukmëtuuntëkoy	5852
ntukmëwë'ëmtë	2926
ntukmuktë	2926
ntuknajxëmë	2926
ntuknajxtë	4389
ntuknaxtë	5852
ntukni	35117
ntuknija'amyätsëtë	4389
ntuknija'ayëtëp	2926
ntuknija'ayëtëpën	7316
ntuknijawë	2926
ntuknijawëja'antë	2926
ntuknijawëp	2926
ntuknijawëtë	13168
ntuknijawëtës	2926
ntuknijawëty	4389
ntuknijayë	7316
ntuknijayëtë	16095
ntuknijayëtëty	4389
ntuknikäjxtë	2926
ntuknikäxa'antë	2926
ntuknikäxa'any	2926
ntuknikäxäämpy	7316
ntuknikäxäämpyës	2926
ntuknikäxantëp	11705
ntuknikäxantëpën	5852
ntuknikäxëty	5852
ntuknikäxtë	26337
ntuknikäxtën	2926
ntuknikäxtës	5852
ntuknikäxtëty	2926
ntuknikejxyp	4389
ntuknikexy	10242
ntuknikexyës	2926
ntuknimiimpyën	2926
ntuknimina'any	2926
ntuknipëjkpy	5852
ntuknipëjktaakë	89255
ntuknipëjktaakëjäämpy	8779
ntuknipëjktaakën	14632
ntuknipëjktaakës	7316
ntuknipëjktaakëty	4389
ntuknipëjktakëp	7316
ntuknipëjktëp	4389
ntuknipëjkyp	5852
ntuknipëktë	2926
ntuknipëktën	2926
ntuknipëktës	2926
ntuknipëky	14632
ntuknipëkyën	2926
ntukpaatäämpyës	2926
ntukpaaty	2926
ntuktëjëtya'ajäämpyës	2926
ntuktëjkëtyë	2926
ntuktëkë	4389
ntuktëkëjäämpy	2926
ntuktëytyunäämpy	2926
ntuktsëtyuny	5852
ntukumëtowa'antës	4389
ntukumëtowäämpyës	4389
ntukumëtowantëpës	2926
ntukumëtowtës	2926
ntukumëtoy	10242
ntukumëtoyës	4389
ntukwin'ëwa'any	2926
ntukwinjawëjäämpyën	2926
ntukwinkupëjkmëty	2926
ntukwinmëtowa'any	2926
ntukwintsë'ëkë	2926
ntukwintsë'ëkën	2926
ntukwintsë'ëkëtë	2926
ntukwintsë'ëkëty	2926
ntukwintsë'ëkëtyës	2926
ntukwinwa'anëtyën	2926
ntukwinwa'anëyën	5852
ntukwinwanën	16095
ntukwinwanëtë	2926
ntukwinwanëtën	17558
ntukwinwanëtës	4389
ntukwoptëp	2926
ntukxi'iky	2926
ntukxo'on	2926
ntukxony	2926
ntukxoonta'aka'any	7316
ntukxoonta'akäämpyës	4389
ntukxoontä'äky	5852
ntukxoontakëmë	7316
ntukxoontakmëty	5852
ntukxoontäkpy	4389
ntukxoontäkpyën	2926
ntukxoontäkpyës	13168
ntuky	8779
ntukyaax	2926
ntukyë	2926
ntukyën	2926
ntukyës	5852
ntun	5852
ntuna'antë	7316
ntuna'antës	5852
ntuna'any	80476
ntuna'anyën	10242
ntuna'anyës	7316
ntunäämpy	8779
ntunäämpyën	11705
ntunäämpyës	24874
ntunantëpës	5852
ntunëp	14632
ntunëty	33653
ntunëtyë	2926
ntunëtyën	4389
ntunëtyës	29264
ntuntë	42433
ntuntën	17558
ntuntënë	2926
ntuntënës	4389
ntuntëp	8779
ntuntës	13168
ntuntëty	19021
ntuntëtyës	7316
ntuny	166805
ntunyë	2926
ntunyën	52675
ntunyës	27800
ntunyësën	4389
ntuunën	10242
ntuunk	10242
ntuunk'ajtëm	2926
ntuunkës	10242
ntuunkëtyës	7316
ntuunkmo'oja'antë	2926
ntuunmukyën	2926
ntuunpë	19021
ntuunpë'ajtyp	4389
ntuunpë'ajtypyën	4389
ntuunpën	2926
ntuunpës	64381
ntuunpëtëjk	8779
ntuunpëtëjkës	14632
ntuunpy	27800
ntuunpyën	24874
ntuunta'aja'any	4389
ntuunta'ajäämpyës	2926
ntuunta'akëp	10242
ntuunta'aktëp	4389
ntuunta'ay	7316
ntuuntaay	2926
ntuuntaayës	4389
ntuuntakmëp	2926
ntuuntëko'oy	8779
ntuuntëko'oyëmën	4389
ntuuntëkoy	33653
ntuuntëkoyën	5852
ntuuntëkoyës	2926
ntuuntëkoytyë	2926
ntuuntëpën	2926
ntuuntëpës	2926
ntuuntsoontë	2926
ntuunwinpita'any	2926
ntuuny	5852
ntuunyën	8779
ntyäty	5852
ntyätynyijawë	2926
nu'kx	2926
nu'kxtakën	19021
nu'kxtakënës	4389
nu'kxtakp	2926
nu'kxtakpë	20484
nu'kxtsoy	2926
nu'kxy	17558
nu'unën	4389
nu'unës	5852
nu'unjaty	4389
nuez	2926
nuj	2926
Nun	24874
nuuk	42433
nuukës	8779
nuux	14632
nuuxën	7316
nuuxëtyën	2926
nuuxpë	7316
nux	2926
nwa'any	2926
nwa'ats'ajtënës	5852
nwa'atsajtën	2926
nwa'këxë'këmë	2926
nwaay	19021
nwaayës	2926
nwë'ëma'any	5852
nwë'ëma'anyës	2926
nwë'ëmëty	30727
nwë'ëmëtyës	8779
nwë'ëmnë	2926
nwë'ëmtë	4389
nwë'ëmtën	2926
nwë'ëmtës	4389
nwë'ëmtëty	4389
nwë'ëmtëtyës	4389
nwë'ëmy	7316
nwiin	26337
nwiinës	8779
nwiinnëëjës	8779
nwijyëty	4389
nwin'ë'ëw	5852
nwin'ëëntë	2926
nwin'ëëny	2926
nwin'ëw	4389
nwin'ëwa'any	5852
nwin'ëy	2926
nwin'ijxën	7316
nwin'ijxyës	4389
nwin'ixtë	10242
nwin'ixy	39506
nwin'ixyën	24874
nwin'ixyës	8779
nwinja'awëmëty	2926
nwinjawë	8779
nwinkoxtänë	2926
nwinku'ixë	2926
nwinkuma'ay	16095
nwinkuma'ayën	7316
nwinkuma'ayës	2926
nwinkumaakojnëpë	4389
nwinkutsë'këmëty	2926
nwinkutsë'këpës	2926
nwinkuwa'akëty	7316
nwinkuwa'akëtyës	5852
nwinkuwa'këmë	4389
nwinma'any	65844
nwinma'any'ajtëm	4389
nwinma'any'ajtëmë	4389
nwinma'any'ajtëmën	5852
nwinma'any'äjtypyën	2926
nwinma'anyën	8779
nwinma'anyës	45359
nwinma'anyëtyës	5852
nwinma'anyjoty	4389
nwinma'anyjyotyës	5852
nwinmay	4389
nwinmëtoy	2926
nwinmëtya'aktë	2926
nwinpijnë	2926
nwinpijnëtën	2926
nwinpijtmëty	2926
nwinpijty	4389
nwinpita'any	7316
nwinpitëty	29264
nwinpity	8779
nwinpityën	2926
nwinpok	4389
nwintä'äky	5852
nwintaj'ajtëmë	2926
nwintäky	4389
nwintsë'kënës	4389
nwintsë'këntyaknën	5852
nwintsë'këntyaknës	2926
nwintsën	26337
nwintsën'ajtëm	2926
nWintsën'ajtëm	49749
nWintsën'ajtëmë	8779
nWintsën'ajtypyën	7316
nWintsën'aty	5852
nWintsën'atyën	52675
nwintsënës	55601
nWintsënëtyës	2926
nwintuuy	5852
nwintuuyës	35117
nwinwa'anëmëty	2926
nwinwitsyën	2926
nwinya'axa'any	4389
nwinyaxmëty	4389
nwit	33653
nwit'ajt	2926
nwitës	10242
nwojpwa'kxa'antë	2926
nwoownëjkxëty	4389
nwoownëjkxtën	2926
nwoownëjkxy	4389
nwowäämpy	2926
nxa'këtyën	2926
nxëëw	57065
nxëëw'ajtëmën	2926
nxëëwajtyp	14632
nxëëwatyën	11705
nxëëwës	70234
nxëëwkyëjxm	8779
nxëëwkyëjxmës	48285
nxëëwmooyës	2926
nxixy	2926
nxixyës	2926
nxo'onëmë	2926
nxony	2926
nxoontä'äky	2926
nyä'ämnëtë	5852
nyä'ämtë	8779
nyä'än	4389
nyä'än'ajtëm	2926
nyä'änës	7316
nya'axa'any	4389
nyä'äxy	32190
nyä'äxyën	5852
nya'ënu'kxënë	2926
nya'ëwtijtypyën	5852
nya'o'knë	8779
nya'o'knëtë	4389
nyaax	858904
nyaax'ajtyp	4389
nyaax'ijxy	2926
nyaaxëty	54138
nyaaxëtyën	4389
nyaaxjot	20484
nyaaxjotën	5852
nyaaxjotëty	17558
nyaaxjotëtyën	21948
nyaaxjotm	29264
nyaaxjotmën	108277
nyaaxjotmëtyën	10242
nyaaxjoty	10242
nyaaxjotyëty	4389
nyaaxkëta'aktën	2926
nyaaxkëtä'äky	4389
nyaaxkëtä'äkyën	2926
nyaaxkoowtë	16095
nyaaxkooy	38043
nyaaxkowtë	4389
nyaaxkoy	7316
nyaaxpotsyëty	5852
nyaaxtëjkënë	2926
nyaaxtëjkëtën	2926
nyaaxtëjkëtyën	16095
nyaaxtëjkëy	45359
nyaaxtëjkëyën	11705
nyaaxtëkë	16095
nyaaxtëkën	21948
nyaaxtëkënëm	2926
nyaaxtëkëtë	10242
nyaaxtëkëtën	20484
nyaaxtëkëtëty	11705
nyaaxtëkëty	2926
nyaaxtëkëtyën	2926
nyaaxwä'ky	4389
nyaaxwä'tstaaytyë	7316
nyaaxwä'tstë	10242
nyaaxwäätsa'any	4389
nyaaxwäätsëty	2926
nyaaxwäätstë	4389
nyaaxwäätstëty	10242
nyaaxwe'tsy	55601
nyaaxweetsy	17558
nyaaxwiinyëtë	32190
nyaaxwiinyëtën	10242
nyaaxwiinyëtëty	17558
nyaj'apaatë	2926
Nyaj'atëkoyäämpyës	2926
nyaj'awinpita'any	27800
nyaj'awinpita'anyës	24874
nyaj'awinpitëty	2926
nyaj'awinpity	4389
nyaj'ëwa'atsa'any	2926
nyaj'ëwa'atsy	5852
nyaj'ëwaatsë	4389
nyaj'ëwaatsëpëtsëma'any	4389
nyaj'ëwaatsëpëtsëmëtyës	2926
nyaj'ëwaatsëpëtsëmy	4389
nyaj'ijtyp	4389
nyaj'ijtypyën	4389
nyaj'ijxnë	2926
nyaj'ijxpëktë	8779
nyaj'ijxpëky	2926
nyaj'ijxpëkyën	4389
nyaj'ita'antë	2926
nyaj'ita'any	21948
nyaj'ita'anyës	4389
nyaj'itäämpy	7316
nyaj'itäämpyës	4389
nyaj'itëty	2926
nyaj'ity	10242
nyaj'ityën	2926
nyaj'ixa'anyë	7316
nyaj'ixa'anyën	2926
nyaj'ixa'anyës	4389
nyaj'ixanëpës	7316
nyaj'ixëtëty	2926
nyaj'ixëtëtyës	4389
nyaj'ixjëtity	2926
nyaj'ixtë	4389
nyaj'ixyë	2926
nyaj'ixyën	2926
nyaj'ixyës	2926
nyaj'o'këmë	2926
nyaj'o'kmëty	7316
nyaj'o'kmëtyë	2926
nyaj'o'kta'aja'any	4389
nyaj'o'kta'aja'anyës	2926
nyaj'o'kta'ajäämpyës	2926
Nyaj'o'kta'ajäämpyës	2926
nyaj'o'kta'ay	5852
nyaj'o'ktaaytyës	5852
nyaj'o'oyëmë	2926
nyaj'o'oyëmëty	2926
nyaj'ojy	4389
nyaj'ook	5852
nyaj'ooka'antë	4389
nyaj'ooka'any	7316
nyaj'ookäämpyës	2926
Nyaj'ookäämpyës	2926
nyaj'ookëty	5852
nyaj'ooktë	4389
nyaj'ooky	23411
nyaj'ookyës	4389
nyaj'oyë	11705
nyaj'oyëjä'äny	2926
nyaj'oyën	2926
nyaj'oyës	2926
nyaj'oyëty	2926
nyaj'oytyunyën	2926
nyaj'u'unk'aty	2926
nyajata'any	2926
nyajja'ayxyi'iky	2926
nyajjajta'aja'anyës	2926
nyajjaty	4389
nyajjatyë	2926
nyajjënäky	2926
Nyajjëwa'akäämpyës	2926
nyajjiitsyës	2926
nyajjotkëxy	2926
nyajjotmaytyëkëtëty	2926
nyajkay	4389
nyajkaytyë	2926
nyajke'eky	2926
nyajkëjxta'ay	4389
nyajkëta'aka'any	4389
nyajkëta'aka'anyës	2926
nyajkëta'akäämpyës	7316
nyajkëtä'äky	4389
nyajkëtä'äkyës	2926
Nyajkëxäämpyës	2926
nyajkëxë'ëky	4389
nyajkëxy	2926
nyajkoja'anyës	2926
nyajkojäämpyës	10242
nyajkojëm	4389
nyajkojta'ayës	2926
nyajkojtë	4389
nyajkojy	23411
nyajkojyën	5852
nyajkootsë	2926
nyajkoxy	2926
nyäjkpy	7316
nyäjkpyën	4389
nyäjkpyës	5852
nyajkutëkoopyës	7316
nyajkutëkooyäämpyës	2926
Nyajkutëkooyäämpyës	5852
nyajkutëkooytya'aja'any	7316
nyajkutëkooytya'aja'anyës	2926
Nyajkutëkooytya'ajäämpyës	2926
nyajkutëkooytya'atë	2926
nyajkutëkooytya'atës	5852
nyajkutëkooytyä'äy	5852
nyajkutëkooytyä'äyës	2926
nyajkutëkoy	20484
nyajkutëkoya'antë	4389
nyajkutëkoyä'äny	20484
nyajkutëkoyä'änyës	10242
nyajkutëkoyäämpyës	21948
Nyajkutëkoyäämpyës	23411
nyajkutëkoyantëp	2926
nyajkutëkoyës	2926
nyajkutëkoyëty	13168
nyajkutëkoyëtyës	2926
nyajkutëkoytyë	5852
nyajkutëkoytyëty	7316
nyajkutukäämpy	35117
nyajkutukäämpyës	32190
nyajkutukëty	4389
nyajkutukëtyës	2926
nyajkutuky	13168
nyajkutukyën	7316
nyajma'atäämpyës	4389
nyajmayëjäämpyës	2926
nyajmëjëja'any	2926
nyajmëjnajxyp	5852
nyajmëjnaxäämpy	2926
nyajmëjnaxäämpyën	4389
nyajmëjnaxy	4389
nyajmëjnaxyës	2926
nyajmëta'akäämpy	2926
nyajmëta'akëty	2926
nyajmëyajtëmën	4389
nyajmëyajtëpën	5852
nyajmëyäjtypyës	2926
nyajmëyäty	7316
nyajmëyätyën	2926
nyajmiinpy	7316
nyajmiintë	2926
nyajmina'any	8779
nyajmina'anyës	4389
nyajminäämpy	4389
nyajminäämpyës	29264
nyajminëty	2926
nyajmintë	4389
nyajminy	17558
nyajminyënës	2926
nyajmo'otë	2926
nyajmo'oyëmën	2926
nyajmon	2926
nyajnaaxtëkë	2926
nyajnaaxtëkëty	4389
nyajnajxëmën	2926
nyajnajxtëp	2926
nyajnajxypyën	2926
nyajnaxa'antë	5852
nyajnaxa'any	19021
nyajnaxäämpyës	2926
Nyajnaxäämpyës	2926
nyajnaxëtyës	2926
nyajnaxtë	8779
nyajnaxtën	2926
nyajnaxtës	7316
nyajnaxy	26337
nyajnaxyën	10242
nyajnaxyës	10242
nyajnëëpätë	2926
nyajnëëpätëty	2926
nyajnëëpetyës	4389
nyajnëjkxa'antë	10242
nyajnëjkxa'any	5852
nyajnëjkxta'aja'any	2926
nyajnëjkxtë	4389
nyajnëjkxy	2926
nyajnëxi'iky	5852
nyajnikëxë'ëky	4389
nyajnikëxë'kmëty	2926
nyajnimayëja'antë	4389
nyajnimayëjäämpy	2926
Nyajnimayëjäämpyës	2926
nyajnimayëtë	2926
nyajnimëjaawtä'äky	2926
nyajnimëtyakëmë	2926
nyajninaxa'any	11705
nyajninaxy	2926
nyajnitooytya'aja'any	5852
nyajnitoyä'äny	2926
nyajnitso'oktë	2926
nyajnitukë	4389
nyajnitukëty	4389
nyajpaata'anëmë	4389
nyajpaata'antë	2926
nyajpaata'any	10242
nyajpaata'anyës	8779
nyajpaatë	39506
nyajpaatën	5852
nyajpaatës	5852
nyajpaatëty	17558
nyajpaatëtyën	2926
nyajpaatëtyës	8779
nyajpaaty	168269
nyajpaatyën	55601
nyajpaatyënës	7316
nyajpaatyës	13168
nyajpatë	4389
nyajpatëmë	65844
nyajpatëmën	13168
nyajpatmëty	38043
nyajpatnë	5852
nyajpaty	2926
nyajpaye'ey	2926
nyajpaye'eyëty	2926
nyajpëjktä'äky	2926
nyajpëtë'ëktë	2926
nyajpëtë'kpyës	2926
nyajpëtsëëmtë	8779
nyajpëtsëma'antës	2926
nyajpëtsëma'any	2926
nyajpëtsëma'anyës	2926
Nyajpëtsëmäämpyës	2926
nyajpëtsëmantëpës	4389
nyajpëtsëmtë	5852
nyajpëtsëmtës	2926
nyajpëtsëmy	5852
nyajpëtsëmyën	2926
nyajpëtsëmyës	4389
nyajtë'ëtsy	2926
nyajtë'ëwëmë	2926
nyajtëëpy	4389
Nyajtëëpyës	2926
nyajtëëwtë	2926
nyajtëëy	14632
nyajtëkatsy	2926
nyajtëkooytyä'äy	2926
nyajtëkoy	2926
nyajtëkoyëty	4389
nyajtëkoytyë	2926
nyajtëtä'äky	2926
nyajtëtsntu'ujäämpyës	2926
nyajtëwa'antë	2926
nyajtëwa'any	2926
nyajtëwäämpy	2926
nyajtëwäämpyës	2926
nyajtëwtë	7316
nyajtëy	19021
nyajts'ëyo'owën	2926
nyajts'ijxëp	2926
nyajts'ijxëy	2926
nyajts'ixën	7316
nyajts'ixëtë	5852
nyajtsëënëtë	2926
nyajtsiiky	2926
nyajtsja'apën	2926
nyajtsja'tëtën	2926
nyajtskääkëtën	2926
nyajtskajpxëtyën	2926
nyajtskäkëtya'atë	2926
nyajtskäkëtyë	2926
nyajtskë'tsëp	4389
nyajtsmin	5852
nyajtsnëjkxëty	2926
nyajtso'ok	4389
nyajtso'oka'antë	7316
nyajtso'oka'any	5852
nyajtso'okäämpy	11705
nyajtso'okäänpyës	11705
nyajtso'okantëp	4389
nyajtso'okëty	2926
nyajtso'okëtyës	2926
nyajtso'oktë	5852
nyajtso'oktëty	7316
nyajtso'oktëtyës	4389
nyajtso'oky	5852
nyajtso'ontakmëty	2926
nyajtsoona'antë	2926
nyajtsoontë	5852
nyajtsoony	4389
nyajtspëyë'ëkë	4389
nyajtstijëp	4389
nyajtsye'ey	2926
nyajtu'ukmujkta'aja'any	2926
nyajtu'unmëty	2926
nyajtuk'ëwaanë	2926
nyajtukmëkajpxmëty	2926
nyajtukmëmëtyä'äky	2926
nyajtuknijawë	2926
nyajtuknikexy	2926
nyajtuknikojën	5852
nyajtuknipëjktaakën	7316
nyajtuktë	2926
nyajtukxi'iky	4389
nyajtuna'any	5852
nyajtuntë	4389
nyajtuny	23411
nyajwa'anëty	7316
nyajwa'atstë	2926
nyajwa'atsy	4389
nyajwä'kxy	10242
nyajwä'kxyës	5852
nyajwatsta'ay	2926
nyajwë'ëma'antë	2926
nyajwë'ëma'any	14632
nyajwë'ëmäämpy	2926
nyajwë'ëmpyën	2926
nyajwë'ëmtë	2926
nyajwë'ëmy	13168
nyajwë'ëmyën	4389
nyajwë'ëmyës	4389
nyajwinpita'antë	5852
nyajwinpita'antës	2926
nyajwinpita'any	2926
nyajwinpitäämpyës	2926
Nyajwinpitäämpyës	4389
nyajwintu'upëkëty	2926
nyajwopy	2926
nyajxë'ëkëty	4389
nyajxë'ëky	11705
nyajxë'ktë	2926
nyajxkojtë	2926
nyajxkojy	4389
nyajxmuktën	2926
nyajxnë	27800
nyajxnën	8779
nyajxnëtë	2926
nyajxta'ay	7316
nyajxtaay	5852
nyajxtaaytyë	5852
nyajxtë	26337
nyajxtën	5852
nyäjxy	111203
nyäjyä'äkyukëtëty	2926
nyäjyä'ätsëtë	4389
nyäjyä'ätsëtëty	16095
nyäjya'awënë	2926
nyäjya'awënëtë	2926
nyäjya'awëpyäätyë	2926
nyäjya'awëpyatëtë	2926
nyäjya'awëtë	7316
nyäjya'awëtyë	7316
nyäjya'awëy	2926
nyäjya'awëyë	26337
nyajyä'äxy	4389
nyäjyääntyjyawëtë	2926
nyäjyääntyjyawëty	7316
nyäjyawëja'anëtë	4389
nyäjyawëja'anyë	7316
nyäjyawëtën	5852
nyäjyawëtëty	11705
nyäjyawëty	121446
nyäjyawëtyën	29264
nyäjye'etsyë	13168
nyäjyë'ixyë	2926
nyäjyëjp'ixëtë	4389
nyäjyëjp'ixëtëty	2926
nyäjyëkajpxënë	13168
nyäjyëkajpxëtë	4389
nyäjyëkäjpxyë	10242
nyäjyijtä'äkyë	2926
nyäjyijtakë	5852
nyäjyijtakëtë	4389
nyajyona'any	2926
nyajyony	2926
Nyajyu'kxäämpyës	2926
nyäjyuuypyëtsëmëtëty	8779
nyaka'any	4389
nyaka'anyës	2926
nyakäämpy	2926
nyakäämpyën	4389
nyakäämpyës	4389
nyakëty	5852
nyäkjyätyë	2926
nyäknyäxy	2926
nyäky	11705
nyäkyajpxëtë	16095
nyäkyäjpxyë	5852
nyäkyätsykyoxëtë	2926
nyäkyë'ëyakëtë	2926
nyäkyë'ëyäkyë	7316
nyäkyëwent'atëtën	2926
nyäkyëwent'atyë	4389
nyäkyëxmëtakë	4389
nyäkyo'kë	10242
nyäkyo'okyë	8779
nyäkyo'okyën	2926
nyäkyoxtënaaytya'akëtë	4389
nyäkyoxtënaaytyä'äkyë	11705
nyäkyoxtënaaytyakë	42433
nyäkyoxtënaaytyakëtë	16095
nyäkyukajpxëtëty	2926
nyäkyukeepyë	4389
nyäkyukëpätëtëty	2926
nyäkyumatsëtëtyën	2926
nyäkyumayë	4389
nyäkyupe'enyë	4389
nyäkyuwa'anëtë	2926
nyäkyuwa'anëtën	2926
nyäkyuwa'anëtëty	4389
nyäkyuwa'anëtëtyën	5852
nyäkyuwa'anyë	2926
nyäkyuwa'anyën	4389
nyäkyuwanëtë	2926
nyäkyuyakëtëty	11705
nyamëët'ajtën	2926
nyämëtsëpa'an'atyën	7316
nyamo'ojäämpyën	2926
nyämyajts'ijta'ayë	2926
nyämyajts'ityë	4389
nyämyajts'ityën	7316
nyämyajtsë	2926
nyämyatsëtë	4389
nyämyatsëtëty	8779
nyämyätsyë	8779
nyämyäyë	4389
nyämyäyën	14632
nyämyäyëtë	5852
nyämyëjaw	10242
nyämyëjawëtëty	4389
nyämyëjëkäm'atëtë	2926
nyämyëjënäkyën	2926
nyämyëjjawëty	5852
nyämyëjpëjkta'akëtëty	2926
nyämyëjpëjktä'äkyë	4389
nyämyëkäjxtä'äkyë	2926
nyämyëtsëpa'an'atëtën	4389
nyämyëtsip'atëtë	2926
nyämyëtsip'atëtëty	2926
nyämyëtsiptsoonyë	2926
nyämyëwinkon'atëtën	5852
nyämyëwinkon'atyën	7316
nyämyujkëtë	4389
nyämyujkta'ajëtë	2926
nyämyukëtë	13168
nyämyukëtën	5852
nyämyukëtëty	5852
nyämyukyë	7316
nyämyukyën	5852
nyantsëm	7316
nyantsëmëty	2926
nyanwelë	4389
nyänyi	5852
nyänyikäjpxyë	7316
nyänyikëxë'ëkëtëty	2926
nyänyikëxë'ëkyë	43896
nyänyikëxë'ëkyën	4389
nyänyikëxë'kë	20484
nyänyimatsëtë	2926
nyänyipëjktaakëtë	5852
nyänyipëjktaakëtëty	2926
nyänyipëjktaakëty	2926
nyänyipëjktakëyë	2926
nyänyipëtë'ëkëtë	2926
nyänyipëtë'ëkyë	4389
nyänyiye'eypyätë	8779
nyapikëty	2926
nyapikëtyëp	4389
nyapots	8779
nyapots'ajtypyën	45359
nyapotsy	2926
nyapotsy'atë	2926
nyapotsyëtyën	8779
nyäpyaata'anëtë	2926
nyäpyaata'anyë	7316
nyäpyaatëtë	11705
nyäpyaatëtën	16095
nyäpyaatëtëty	4389
nyäpyäätyë	70234
nyäpyata'ayë	2926
nyäpyatë	11705
nyäpyatëtë	7316
nyäpyëjkta'akëtë	35117
nyäpyëjkta'akëtën	5852
nyäpyëjkta'akëtëty	10242
nyäpyëjktä'äkyë	57065
nyäpyëjktä'äkyën	4389
nyäpyëjktakë	19021
nyäpyëjktakëtë	55601
nyäpyëjkwa'kxëtëty	4389
nyäpyëk	2926
nyäpyëkëtë	7316
nyäpyikyë	2926
nyäpyikyën	2926
nyäpyuj	19021
nyäpyujëtëty	4389
nyäpyujy	13168
nyäpyutëjkëyë	2926
nyäpyutëkëty	2926
nyäpyutëkëtyën	2926
nyäpyuwa'akëty	4389
nyas'ixë	14632
nyasjäxë	2926
nyaskä'äxëtën	2926
nyaskääkë	4389
nyasnajxëpën	2926
nyasxajë	2926
nyatänëty	5852
nyatëkë	10242
nyatëkë'ajty	2926
nyatëkë'atëty	4389
nyatëkë'aty	14632
nyatëkën	13168
nyatëkëty	5852
nyatëy'äjtypyën	4389
nyatiijëty	2926
nyatsujk'ëwtityëtyën	2926
nyätsyokyë	2926
nyätsyokyën	2926
nyatuky	4389
nyätyij	2926
nyätyijëtë	4389
nyätyijyë	39506
nyätyookën	2926
nyätyookëtëty	4389
nyätyu'kmëtsëpa'an'atyën	2926
nyätyuk'ëne'emyën	2926
nyätyuk'ixëtë	2926
nyätyukë'ëji'tstutë	4389
nyätyukë'ëtëkëty	2926
nyätyukjä'ätijyë	2926
nyätyukjänëtëty	2926
nyätyukjotma'atyë	2926
nyätyukmëjjawëtëty	4389
nyätyuknijääntu'utyë	4389
nyätyuknijääntutë	4389
nyätyuknikääkëtë	2926
nyätyuknikäkëtya'ajëtë	2926
nyätyukpaatyë	2926
nyätyuktëkëty	2926
nyätyukwin'ëënëtë	7316
nyätyukwinpëjktutë	2926
nyätyukxojxë	2926
nyätyukyaj'ëxëëkëtë	2926
nyätyunëtë	7316
nyätyunyë	19021
nyawa'anëty	14632
nyäwya'këxë'ëkëtë	11705
nyäwya'këxë'ëkëtëty	10242
nyäwya'këxë'ëkyë	5852
nyäwya'këxë'kë	4389
nyäwya'kxa'anyë	2926
nyäwya'kxë	5852
nyäwya'kxëtë	4389
nyäwya'kxëtëty	7316
nyäwyä'kxyë	17558
nyäwyä'kxyën	8779
nyäwyaapëtë	2926
nyäwyi't	2926
nyäwyiit	2926
nyäwyin'ëënyë	2926
nyäwyinku'ixëtëty	2926
nyäwyinku'ixëty	16095
nyäwyinku'ixëtyën	17558
nyäwyinkuwa'këtyë	2926
nyäwyintë'kxëtë	5852
nyäwyoowmukëtë	4389
nyaxa'antë	8779
nyaxa'any	23411
nyaxa'anyën	5852
nyaxëmë	2926
nyaxënës	8779
nyaxëty	127299
nyaxëtyën	16095
nyaxo'tsnë	2926
nyaxtë	68770
nyaxtën	21948
nyaxtëty	16095
nyaxtsoy	4389
nyäxy	440426
nyäxya'tsënëtë	2926
nyäxyaatsëtë	2926
nyäxyëëwkukäjpxyë	4389
nyäxyën	130225
nyäxymyëtyën	4389
nyäxyojxë	5852
nyäxyoxëtën	2926
nyäxyoxëtëty	2926
nyäxyoxyë	4389
nyäxyoxyën	2926
nyäy'a'ixëty	2926
nyäy'awijtsë'ëkyë	2926
nyäy'ëna'anëtë	8779
nyäy'ënanëtë	38043
nyäy'ënëmaayëtë	2926
nyäy'ëxëëktunyë	2926
nyäy'ëxmajtsë	4389
nyäy'ëxmajtsënëtë	4389
nyäy'ixyë	2926
nyäy'ojyë	4389
nyäyaj'ëxëëkëtë	4389
nyäyaj'ëxëëkëtëty	5852
nyäyaj'ëxëëkëty	4389
nyäyaj'ëxëëktëkëty	2926
nyäyaj'ita'anëtë	2926
nyäyaj'itëtë	13168
nyäyaj'itëtën	7316
nyäyaj'itëtëty	7316
nyäyaj'ityë	21948
nyäyaj'ityën	7316
nyäyaj'o'kë	4389
nyäyaj'o'këtë	2926
nyäyaj'ooka'anyë	4389
nyäyaj'ooky	2926
nyäyaj'ookyë	2926
nyäyaja'tëtë	2926
nyäyajjatëtë	2926
nyäyajka'aja'anyë	2926
nyäyajka'ajëtë	4389
nyäyajkäjpxyë	2926
nyayäjkpyën	2926
nyäyajkujo'opyë	4389
nyäyajkutëkoya'anëtë	4389
nyäyajkutëkoyë	2926
nyäyajnaxa'anëtë	2926
nyäyajnaxa'anyë	4389
nyäyajnaxëtë	16095
nyäyajnaxëtën	5852
nyäyajnaxëtëty	4389
nyäyajnaxyë	16095
nyäyajnaxyën	2926
nyäyajtëëwëtë	33653
nyäyajtëkoyë	10242
nyäyajtëwëtë	13168
nyäyajtso'okëtëty	8779
nyäyajtso'okyë	2926
nyäyajtu'utëkoyëtë	4389
nyäyajtunyë	5852
nyäyajwa'atsëtëtyën	2926
nyäyjyawëtë	59991
nyäyu'tsë	4389
nyäyu'tsta'ajëtë	5852
nyäyu'tstaayëtë	5852
nyäyu'utsëtë	7316
nyäyu'utsëtën	2926
nyäyu'utsëtëty	5852
nyäyu'utsyë	10242
nyäyu'utsyën	4389
nyäyyajkumeenytyä'äkyë	2926
nyäyyajwa'kxëtë	10242
nyë'ë	74623
nyë'ë'aaw	13168
nyë'ëmxëtë	2926
nyë'ëmxëty	5852
nye'ëna'anëtë	2926
nyë'ëtëkoy	7316
nye'etyëjkës	5852
nye'ey	7316
nyë'ëye'ey	7316
nye'eymyujkëmën	2926
nye'pny	52675
nye'pnyëty	5852
nyë'ptëkë	5852
nye'pyny	42433
nye'pynyëty	5852
nyeajpo'kxyë	2926
nyëë	496028
nyëë'a'ukën	2926
nyëë'aaw	5852
nyëë'uuktë	2926
nyëë'uuktën	5852
nyëë'uuktëty	2926
nyëë'uuky	4389
nyëëjën	10242
nyëëjëty	5852
nyëëji'kxta'atë	2926
nyeeky	2926
nyëëpäjtë	5852
nyëëpätë	5852
nyëëpätëty	7316
nyëëpejty	5852
nyëëpety	4389
nyëëtsiiyë	7316
nyëëwinyo'opyëjoty	2926
nyëëx	254598
nyëëx'ajtypyën	8779
nyëëxajtypyën	4389
nyëëxëty	19021
nyëëyunëty	2926
nyëjkxa'anëty	2926
nyëjkxa'antë	19021
nyëjkxa'antën	4389
nyëjkxa'any	23411
nyëjkxany	4389
nyëjkxëty	74623
nyëjkxkojnëpë	8779
nyëjkxkojnëtëpë	2926
nyëjkxkojtë	2926
nyëjkxnë	73160
nyëjkxnëtë	46822
nyëjkxnëty	4389
nyëjkxpë	2926
nyëjkxta'aja'antë	4389
nyëjkxta'atë	35117
nyëjkxta'atëty	4389
nyëjkxtaaynyëtë	2926
nyëjkxtaaytyë	42433
nyëjkxtë	465300
nyëjkxtën	30727
nyëjkxtëpë	5852
nyëjkxtëty	68770
nyëjkxtëtyën	2926
nyëjxtë	2926
nyëka'ata'ay	4389
nyëka'ay	2926
nyëkëjxm'ajtëpën	5852
nyëkëjxm'ajtyp	4389
nyëkoopëty	2926
nyëmuky	2926
nyëpujt	2926
nyëtsujkëpën	2926
nyëxi'ik	5852
nyëxi'ikan	2926
nyëxi'iky	4389
nyëxik	13168
nyëxikpy	4389
nyëye'ey	4389
nyi	38043
nyi'a'ukën	4389
nyi'aaw	2926
nyi'aay	7316
nyi'ak	14632
nyi'akaj	5852
nyi'akajën	2926
nyi'akë'ë	8779
nyi'ako'onën	21948
nyi'akujpë'ëk	2926
nyi'ayajk	21948
nyi'ëëtsy	4389
nyi'ëëtsyën	2926
nyi'ëjx	54138
nyi'ënä'ämë	4389
nyi'ënä'ämëp	10242
nyi'ënä'ämëpën	14632
nyi'ënä'ämëtën	2926
nyi'ënä'ämëtëpën	5852
nyi'ënä'ämëtyëpën	2926
nyi'ënä'ämëyën	7316
nyi'ëwa'atsajtën	19021
nyi'ëwa'atsëtyën	5852
nyi'ëwatsn	2926
nyi'iptë	2926
nyi'ipy	7316
nyi'kx	98035
nyi'o'ktutën	2926
nyi'ojëp	2926
nyi'ojëtyëp	2926
nyi'on	23411
nyi'tsatym	17558
nyi'u'kxy	8779
nyi'u'kxyën	2926
nyi'u'unk	2926
nyi'ujts	4389
nyi'uuky	2926
nyiitstë	4389
nyiitsy	7316
nyiitsyën	4389
nyija'ajtë	5852
nyija'ap	140468
nyija'apën	24874
nyija'awëp	11705
nyija'awëtën	2926
nyija'awëtëp	24874
nyija'awëtëpën	36580
nyija'awëtyääpy	5852
nyija'awëtyääpyën	2926
nyija'awëtyë	2926
nyija'awëtyën	5852
nyija'awëtyëp	20484
nyija'awëtyëpën	5852
Nyija'awëy	4389
nyija'axy	4389
nyija'ay	24874
nyija'tëtë	4389
nyija'tyë	2926
nyijaam	2926
nyijäänë'ëk	16095
nyijäänë'ëkën	2926
nyijämyëët'ajtpë	2926
nyijän	38043
nyijän'ajtypyën	2926
nyijänëty	4389
nyijawë	7316
nyijawëjäämpy	5852
nyijawëjäämpyën	2926
nyijawëjantëp	2926
nyijawëp	11705
nyijawëtëp	10242
nyijëëy	4389
nyijëmëjt	23411
nyijëmk	2926
nyijëtu'un	4389
nyijëyujk	16095
nyijkx	131688
nyijkxy	553093
nyijkxyën	20484
nyijo'kn	11705
nyijok	2926
nyijuux	7316
nyijuux'ajtypyën	4389
nyijxy	4389
nyijxyën	2926
nyikääkëtë	8779
nyikääkëtën	5852
nyikääkëtyën	4389
nyikajpx	17558
nyikajpxäämpy	8779
nyikajpxäämpyën	2926
nyikajpxantëp	2926
nyikajpxën	14632
nyikajpxëp	7316
nyikajpxëpën	11705
nyikajpxëtëty	2926
nyikajpxpäjtë	2926
nyikajpxpejtypyën	2926
nyikajpxtën	7316
nyikajpxtëp	4389
nyikajpxtëpën	14632
nyikäjpxy	55601
nyikäjpxyë	8779
nyikäjpxyp	48285
nyikäjpxypën	70234
nyikäjpxytyunëty	8779
nyikäkëtyääyëtë	4389
nyikam	27800
nyikamtëjk	2926
nyikë'ë	5852
nyikemy	2926
nyikëpajk'ajtyp	5852
nyikepy	49749
nyikepyën	5852
nyikepyjyiity	2926
nyikëtä'äkyë	2926
nyikëtakë	2926
nyikëxë'ëkëty	19021
nyikëxë'ëky	16095
nyikëxë'ëkyën	2926
nyikojtu'uty	2926
nyikojtu'utyën	4389
nyikoompetyën	7316
nyikoonpejtypyën	2926
nyikopk'aj	11705
nyikopk'ajt	4389
nyikopk'ajtääpy	4389
nyikopk'ajtë	7316
nyikopk'ajtën	32190
nyikopk'ajtëpën	61454
nyikopk'ajtyp	7316
nyikopk'ajtypyën	43896
nyikopk'atëp	2926
nyikopk'atëpën	8779
nyikopk'atëtë	30727
nyikopkëtyën	2926
nyikoyëty	4389
nyikoyëtyën	2926
nyiku'umën	7316
nyikukë'ë	4389
nyikukëpät	2926
nyikupë	5852
nyikutë'kxn	10242
nyima'ay	2926
nyimä'kxën	2926
nyimä'kxëp	2926
nyimaanaxyën	59991
nyimaanikyë	2926
nyimääpyën	2926
nyimajkmäjtskëtën	7316
nyimay'ajnëtë	4389
nyimay'ajtë	5852
nyimay'ata'antë	4389
nyimay'atë	46822
nyimay'atën	16095
nyimay'atëty	2926
nyimayajtën	2926
nyimayë'ëtë'ëtstë	2926
nyimayënëtë	7316
nyimayëtë	21948
nyimayëtën	2926
nyimayëtëty	4389
nyimayëty	10242
nyimayëtyën	5852
nyimeeny	10242
nyimeenyën	5852
nyimeenypyijkpyën	7316
nyimëj	2926
nyimëjja'ay'ajtëpën	7316
nyimëtya'akëtëty	4389
nyimëtyä'äky	67307
nyimëtyä'äkyë	2926
nyimëtyaknëtyën	2926
nyimëtyäkpy	14632
nyimëtyäkpyën	30727
nyimëtyaktën	4389
nyimëtyaktëp	16095
nyimëtyaktëpën	16095
nyimiinë	30727
nyimiinëtë	33653
nyimiinp	2926
nyiminäämpy	2926
nyiminëtë	8779
nyiminëtëty	5852
nyiminyë	33653
nyimutsk	4389
nyinaax	35117
nyinajxtë	2926
nyinaxa'any	4389
nyine'pny	13168
nyinëë	2926
nyinëjkxëp	4389
nyinëjkxëtë	2926
nyinëjkxtëp	4389
nyinëjkxy	2926
nyinëjkxyë	11705
nyinëjkxypyën	2926
nyini'kx	191680
nyini'kxën	24874
nyini'kxëty	20484
nyinikën	7316
nyino'kën	2926
nyino'okëp	2926
nyino'okëpën	4389
nyinoky	5852
nyipa'am	2926
nyipä'än	2926
nyipa'awits	2926
nyipa'awitsën	2926
nyipäjnë	4389
nyipätën	4389
nyipäxëtëkëty	5852
nyipaye'epy	7316
nyipaye'epyën	11705
nyipaye'ey	7316
nyipaye'eyën	4389
nyipaye'eyëtëty	5852
nyipaye'eytyëpën	7316
nyipëjkpejtypyën	4389
nyipëjktakëtyëp	2926
nyipëjktakëtyëpën	2926
nyipëjktakëyën	2926
nyipëk'ajtypyën	2926
nyipën	2926
nyipëtë'ëka'anyë	2926
nyipëtë'ëkäämpy	2926
nyipëtë'ëkëtëty	2926
nyipëtë'ëkyë	4389
nyipëtë'knëtëp	2926
nyipëtë'kpy	2926
nyipëtsëëmë	11705
nyipëtsëëmëtë	7316
nyipëtsëmyë	4389
nyipety	2926
nyipetyën	33653
nyipiity	4389
nyipo'o	14632
nyipoop	8779
nyipotsy	20484
nyipotsy'ëjx	2926
nyipujxn	5852
nyipujxnwintëkäämpë	2926
nyipy	5852
nyiteety	4389
nyitëëyë'ëk	17558
nyitëëyë'ëkën	7316
nyitëëyë'ëky	5852
nyitëja'aw	14632
nyitëja'awën	10242
nyitëjk	14632
nyitëjk'aaw	35117
nyitëjk'aawën	14632
nyitëjkëtyakn	13168
nyitëjkëtyaknën	7316
nyitëjkwiin	4389
nyitejpxy	14632
nyitëkëjäämpy	4389
nyitëkëjantëp	4389
nyitëkëjantëpën	2926
nyitëkëtë	2926
nyitëkëty	14632
nyitëkëtyën	8779
nyitëkot	2926
nyiteky	2926
nyitekyën	5852
nyitënääpy	2926
nyitënääpyën	130225
nyitënaaypyäjn	2926
nyitënaaytyääpy	2926
nyitënaaytyëpën	61454
nyitëtstu'uty	5852
nyitëtstutaaynyë	2926
nyitëyajtën	4389
nyiTios'ajtyp	5852
nyiTios'ajtypyën	4389
nyito'oxytyëjk	2926
nyitookyëtyën	2926
nyitooytyä'äy	4389
nyitoy	5852
nyitoya'antën	2926
nyitoyën	8779
nyitoyëty	8779
nyitoytyë	5852
nyitoytyën	5852
nyitoytyëtyën	2926
nyitsajp	4389
nyitsajptëjk	16095
nyitsajptëjkën	4389
nyitsëpa'an	2926
nyitso'oktëty	8779
nyitso'oky	2926
nyitsokën	10242
nyitsoonyë	4389
nyitsooy	14632
nyitsow	2926
nyitsu'utsy	7316
nyitsu'uty	27800
nyitu'ts	2926
nyitu'u	2926
nyitu'un	2926
nyitujkëtya'atë	2926
nyitukë	8779
nyitukën	5852
nyitukëtë	5852
nyitukëtën	5852
nyitukëty	2926
nyitukyë	2926
nyituunkë	2926
nyituuntakn	5852
nyiwa'akantëp	2926
nyiwa'kpäjn	5852
nyiwäämpy	2926
nyiwäämpyën	2926
nyiwäänëtë	2926
nyiwäänëty	2926
nyiwaantu'utäämpy	2926
nyiwaj	10242
nyiwajën	5852
nyiwantëpën	4389
nyiwatsë	8779
nyiwëën	8779
nyiwëënën	2926
nyiwija'any	4389
nyiwija'anyën	4389
nyiwijy	38043
nyiwijyën	42433
nyiwinë'ajtë	231187
nyiwinë'ajty	5852
nyiwinë'atë	77550
nyiwinë'atën	7316
nyiwinë'atëty	4389
nyiwinma'any	5852
nyiwinpijtyp	4389
nyiwintaj'ajtypyën	7316
nyiwintsë'kën	17558
nyiwintsë'këntyakn	5852
nyiwintsën	21948
nyiwintsën'ajtääpy	4389
nyiwintsën'ajtë	2926
nyiwintsën'ajtën	10242
nyiwintsën'ajtëp	2926
nyiwintsën'ajtëpën	36580
nyiwintsën'ajtyp	16095
nyiwintsën'ajtypyën	74623
nyiwintsënën	5852
nyiwit	2926
nyiwit'atëëytyuk	7316
nyiwits	8779
nyiwits'ajtypyën	5852
nyiwitsë	4389
nyiwittëjk	4389
nyixäjpy	4389
nyixe'entyën	2926
nyixëëw	62918
nyixëëwtuuntëpën	2926
nyixeny	40969
nyixenyën	2926
nyiyä'äp	2926
nyiyajkutujkpë	11705
nyiyaxtëp	2926
nyiyäxyp	2926
nyiye'etyëjk	149247
nyiye'etyëjk'ajtypyën	2926
nyiye'etyëjkëty	2926
nyiye'eyëpën	7316
nyiye'eypyäjn	13168
nyiye'eypyäjtaaytyë	5852
nyiye'eypyäjtë	5852
nyiye'eypyätë	7316
nyiye'eypyätën	14632
nyiye'eypyetyën	4389
nyiyuutakn	5852
nyo'kn	2926
nyo'knës	4389
nyo'ktëkoopyën	2926
nyo'ktëkooytya'ajäämpy	4389
nyo'ktëp	2926
nyo'okäämpy	4389
nyoky	17558
nyoky'ajtëpën	27800
nyokyën	16095
nyokyëty	2926
nyokyëtyën	10242
nyokytyëkëtë	2926
nyu'kxta'aktë	4389
nyu'kxtä'äky	4389
nyu'kxtakën	13168
nyu'kxtakënëty	5852
nyu'kxtäky	2926
nyu'kxy	10242
nyu'kxyën	2926
nyu'kxyëty	5852
nyu'tyës	2926
nyujkyä'äxyës	2926
nyuu'ookyës	2926
nyuux'atë	2926
nyux	5852
nyuxën	10242
nyuxëty	2926
o'këm	2926
o'kën	229723
o'kënë	2926
o'kënën	4389
o'kënjëjp'am	32190
o'këntujp	14632
o'këntum	21948
o'këntuuy	7316
o'knëtë	2926
o'knëty	2926
o'kp	10242
o'kpäjn	2926
o'kpë	359949
o'kpëjutën	30727
o'kpëjutjoty	35117
o'kpën	40969
o'kpëpajk	10242
o'kpës	5852
o'kpëtëjk	7316
o'kpëtujp	2926
o'kpëty	10242
o'kpëtyën	4389
o'kta'ajantëp	2926
O'kta'ajantëp	2926
o'kta'atë	4389
o'ktakn	21948
o'ktaknën	30727
o'ktaknjoty	2926
o'ktën	5852
o'ktëp	5852
o'ktëpën	21948
o'ktëy	340927
o'ktëyës	5852
o'ktëypyë	2926
o'oyëtyë	2926
o'oyëy	2926
o'pky	23411
o'pyky	2926
o'pykyën	2926
Obal	2926
Obed	49749
Obot	5852
Ocozías	59991
Ocran	5852
Ofel	7316
Ofir	11705
Ofní	5852
Ofrá	11705
Og	26337
Ohad	2926
Oholá	7316
Oholiab	7316
Oholibá	7316
Oholibamá	13168
oj	4389
ojts	17979921
ojtsën	4389
ojtsës	191680
ojtstëm	2926
ojtx	2926
ojty	5852
ok	635033
ok'ëna'kën	2926
ok'u'unk	2926
okë	2926
okën	2926
okës	26337
oknëm	27800
okpë	10242
olivë	84866
Olivo	11705
Olivos	10242
Omar	4389
Omri	21948
on	302884
Onam	5852
Onán	11705
onën	16095
Onesíforo	2926
Onésimo	7316
Onó	7316
ontë'ëts	2926
ontë'ëtsën	2926
ookaanp	11705
ookaanpën	4389
ookanëp	7316
ookanëpën	2926
ookanëtëp	2926
ookantëp	4389
ookantëpën	2926
ookëp	8779
ookëty	7316
ookpyë	5852
Ookpyë	8779
ooktë	11705
ooktëty	2926
ookwyit	2926
ooky	117056
ookyën	4389
ookyës	5852
Oreb	4389
Orfa	2926
Ornán	13168
osë	16095
Oseas	33653
Osem	2926
osën	4389
Otoniel	17558
ots	7316
Owxitë	2926
oy	4730557
oy'aaw	26337
oy'ajt	10242
oy'ajtp	13168
oy'atëp	46822
oy'ayuk	14632
oy'ijxën	2926
oyajtën	169732
oyajtënën	4389
oyë	4389
oyëjaanpën	2926
oyën	74623
oyës	280936
Oyëtën	2926
oyëty	90719
oyëtyën	13168
oyëtypë	185827
oyjä'äyajtën	2926
oyjätyëty	4389
oyjya'ap	2926
oyjya'awëyëp	13168
oyjya'awëyëpën	10242
oyjyä'äy	71697
oyjyä'äy'ajtpën	2926
oyjyä'äyën	10242
oyjyä'äytyëjk	21948
oyjyä'äytyëjkëty	16095
oyjyä'äytyëjkëtyën	4389
oyjyäty	4389
oyjyätyëtypë	30727
oyjyätypë	7316
oyjyawë	4389
Oyjyawëtë	2926
oyjyëna'ajëty	17558
oyjyot	83402
oykyäjpxy	2926
oykyëwent'aty	2926
oymyaajëty	87792
oymyaakajpnëty	17558
oymyaanaax	5852
oymyaatsowëty	5852
oymyakajpnëty	2926
oymyëti'ipë	52675
oymyëti'ipëty	4389
oynatii	23411
oynyaax	4389
oynyaaxën	2926
oynyapënëty	4389
oynyë	8779
oynyë'ë	4389
oyoopë	2926
oypyë	605768
oypyën	8779
oypyënëty	65844
oypyës	4389
oyts	7316
oytsyaa	13168
oytyëëmp	4389
oytyiijëty	49749
oytyu'u	7316
oytyukxiknë	2926
oytyukxootaknë	4389
oytyun	2926
Oytyun	51212
oytyuntë	8779
oytyuny	20484
oytyunyën	45359
oytyunyëtyën	2926
Oytyuunë	4389
oytyuunk	8779
oytyuunpë	11705
oywyi'ix	24874
oywyinma'any	81939
oywyit	19021
oywyitën	5852
oyxyëp	39506
Ozías	7316
pa'a	7316
pa'ajën	14632
pa'ajëty	4389
pa'ak	20484
pa'akëm	4389
pa'akën	4389
pa'akpë	11705
pa'akwijtsnë	4389
pa'akxu'kën	2926
pa'akxu'kp	2926
pa'akxu'kpë	54138
pa'akxu'kpën	59991
pa'am	273620
pa'amën	10242
pa'amëty	2926
pa'amja'ay	106814
pa'amja'ayën	4389
pa'amja'aytyëjk	2926
pa'amjoty	7316
pa'apa'a	32190
pa'apë	2926
pa'at'ix	8779
pa'atënaayëpën	2926
pa'ëyo'ow	16095
pa'ëyo'owën	49749
pa'ëyoop	13168
pa'ëyoopën	2926
pa'ëyoow	11705
pa'ëyoowkës	20484
pa'ëyoowtëkës	11705
pa'ëyow	2926
pa'ëyowëtëp	2926
pa'kxwiin	2926
pa'tëjkëpën	5852
pa'tkë'p	23411
pa'tkë'pën	2926
pa'tkë'ptsow	2926
pa'tkën	7316
pa'uk	13168
paan	2926
paantaak	4389
paat	14632
paat'ajtëp	19021
paat'ajtëpën	26337
paat'ajtëtëp	5852
paatë	4389
paatë'ajtëp	2926
päätë'k	2926
paatutk	2926
paaty	965718
Paaty	1072532
paatyën	4389
paatyës	237039
paatykyëjxm	181438
Paatykyëjxm	254598
Paatykyëjxmën	4389
paatykyëjxmës	16095
Paatykyëjxmës	21948
Pablo	444815
Pablo'ajtp	2926
Padán	16095
Pafos	2926
Paguiel	5852
Pahat	8779
pajëtijtëpën	2926
pajëtujtëp	5852
pajëtujtëpën	5852
pajk	39506
pajk'ajtën	2926
pajk'ajtpën	4389
pajkën	43896
pajkëty	5852
pajkyeny	4389
pajkyenyjyä'äy	2926
pajyën	2926
pak	36580
pakën	23411
paki'ix	14632
paki'ixën	2926
paki'ixëty	2926
pakwit	8779
Palmeras	2926
Palti	2926
Paltiel	5852
paltita	2926
pamiinkës	7316
Pamiinkës	11705
Pamiintëkës	4389
panajxk	2926
panajxpë	7316
panëjkx	5852
Panëjkx	5852
panëjkxëp	5852
panëjkxtë	7316
panëjkxtëkëtë	2926
Panfilia	7316
Paní	19021
Parán	14632
Parós	7316
PARSÍN	2926
Paséah	5852
Pashur	17558
pät	2926
Pät	7316
patëp	35117
patëpën	29264
patëtëp	29264
patëtëpën	11705
Patón	2926
patooy	13168
patoyë	5852
Patso'onkës	2926
patu'u	2926
patu'ujën	4389
patu'uk	5852
patun	16095
patuntë	23411
patutk	2926
patutkën	2926
patutkëty	4389
Paty	4389
Patyës	5852
Pau	2926
pax	4389
paxën	2926
paye'epy	4389
paye'epyë	11705
paye'epyën	2926
paye'ey	4389
paye'eyën	26337
paye'eyëp	4389
paye'eyëpën	2926
paye'eyëtëp	4389
pë'aay	13168
pë'aaytsyow	7316
pë'am	20484
pe'tym	29264
pe'tympe'tym	2926
pe'tymyën	4389
Pecod	2926
Pedaías	10242
Pedasur	5852
Pedro	333611
pëjkë	5852
pëjkë'ëk	5852
Pëjkë'ëk	11705
Pëjkë'ëktë	2926
pëjkë'ëky	58528
pëjkën	140468
pëjkëp	36580
pëjkëpën	16095
Pëjkëpës	2926
Pëjkëtë	4389
pëjkëtëp	4389
pëjkëtëpën	8779
pëjkmuk	4389
pëjkp	8779
pëjkpäjn	4389
pëjkpë	20484
pëjkpën	8779
pëjkta'ak	51212
pëjkta'aktë	19021
pëjktä'äky	141931
pëjktä'äkyën	2926
pëjktëp	7316
pëjktsow	2926
pëjktsowtë	5852
pëjpën	2926
pëjy	33653
pëjyën	33653
pejyjot	5852
pejyjoty	4389
pëjykyam	10242
pëjykyamën	16095
pëjykyamjotm	5852
pejypyë	4389
pëk	8779
Peka	13168
pëkaanpën	4389
Pekaia	4389
pëkixëtypë	2926
pëkpyë	61454
pëkpyën	20484
pëktë	11705
pëky	184364
pëkyën	5852
pëkynyën	2926
Pelaías	2926
Pelatías	7316
Péleg	13168
pelet	2926
Pelet	4389
peleteos	8779
pën	6462997
Pënën	4389
pënës	51212
pënëty	19021
Peniná	7316
pënjaty	51212
pentecostés	4389
Penuel	10242
peor	19021
perasim	5852
peres	2926
Peres	2926
Perés	2926
Pérgamo	2926
Perge	4389
perlas	5852
persë	2926
Persë	4389
Persië	38043
Perutá	2926
Petahías	4389
Petaías	2926
pëtë'ëk	21948
Pëtë'ëk	83402
Pëtë'ëktë	13168
pëtë'ëktsow	2926
pëtë'kp	2926
pëtë'kpën	2926
Petor	2926
pëtsë'ëmëmë	2926
pëtsëëm	4389
pëtsëëmën	4389
pëtsëëmp	13168
pëtsëëmpën	32190
pëtsëëmtakn	2926
pëtsëëmtën	2926
pëtsëëmtëpën	2926
pëtsëm	8779
pëtsëmaanp	4389
pëtsëmëp	2926
pëtsëmtë	26337
pëtsëmtëp	2926
pety	4389
pëyë'kpën	8779
pëyi'ikyë	103887
Pi	5852
pi'its	2926
pi'itsaanp	5852
pi'itsanëpën	2926
pi'k	163879
pi'k'ëna'k	10242
pi'k'ëna'këty	11705
pi'k'ëna'ktëjkëty	2926
pi'tëpën	2926
pi'tkën	2926
pi'tskajpxpën	7316
pi'tskajpxtëp	2926
pi'tskäjpxy	5852
piity	30727
piityën	7316
pijkxnoktë	2926
pik	10242
pikëtyën	2926
pikëtypë	2926
pikjatyëty	2926
pikpujxn	2926
Pilato	102424
piléser	8779
Pinón	2926
Piratón	5852
Pisgá	10242
Pisidia	2926
Pitón	4389
piw	52675
pix	2926
pixk	2926
pixkën	4389
pixyny	10242
pixynyën	4389
po'kx	2926
po'kxën	16095
po'kxënxëëw	111203
po'kxënxëëwën	10242
po'kxënxëëwëtë	16095
po'kxënxëëwjoty	21948
po'kxënxëëwjotyë	2926
po'kxënxëëwpë	2926
po'kxp	2926
po'kxpë	8779
po'kxtakn	14632
po'kxtaknën	4389
po'o	425794
po'o'ak	8779
po'o'atëëytyuk	2926
po'ojën	16095
po'ojëty	4389
po'opë	49749
po'opën	16095
po'opety	2926
po'opetyën	8779
po'otejpxy	5852
po'oxu'tsn	2926
po'oxuy	2926
po'oxuyën	4389
po'oxy	2926
poj	111203
poj'am	212165
poj'amës	13168
pojë'kpën	2926
pojën	106814
pojënës	5852
pojjëtijtpën	2926
pojjotm	2926
pojjoty	14632
pojkën	21948
pojkëp	2926
pojotm	4389
pojp	4389
Pojpaat	4389
pojpë	2926
pojtspë	19021
pojtspën	2926
pojtspëtëjk	4389
pojtstëpën	2926
pojxujtyk	4389
pojxujtykyën	7316
poky	725752
pokyë	2926
pokyën	14632
pokyës	11705
pokyjä'äytyëjk	14632
pokyjä'äytyëjkëty	8779
pokyjotm	27800
pokyjoty	14632
pokyjyä'äy	59991
pokyjyä'äyën	4389
pokyjya'ayës	2926
pokyjyä'äyës	2926
pokyjyä'äyëtyën	4389
pokyjyä'äytyëjk	10242
pokyjyä'äytyëjkëty	4389
pokyjyä'äytyëjkëtyën	4389
pokykya'apën	2926
pokykyëjxm	4389
pokymyä'kx	11705
pokymyä'kxën	74623
pokymyä'kxtëkës	2926
pokymyëët	46822
pokymyëëtën	13168
pokymyëëtës	8779
pokytyu'unën	7316
pokytyum	4389
pokytyuunëtëty	2926
pokytyuunëty	2926
pokytyuunp	13168
pokytyuunpë	7316
pokytyuunpën	8779
pokytyuuntën	2926
pokytyuuntëp	2926
pokytyuuntëpën	4389
pokywyinmä'kxën	2926
Poncio	7316
Ponto	4389
poom	155100
poop	516513
poopë	2926
poopëm	4389
poopjajp	2926
poopkatsën	2926
poopxoxy	2926
Poquéret	2926
Posrá	5852
Potifar	5852
Potifera	2926
potm	8779
potmjot	2926
potmjoty	4389
potsy	266304
potsy'ëjx	11705
potsy'ëjxën	7316
potsyën	46822
potsyjutjoty	2926
potsykyëjxm	26337
potsykyëpajkm	4389
potsykyopkën	7316
potsykyutuk	2926
potsywinm	20484
potsywyiiny	5852
poxmtä'äky	2926
poxmtä'äkyën	2926
poxp	2926
Priscila	11705
pu'ts	643812
Pu'tspujxn	2926
pu'unykyën	2926
pu'uts	139004
pu'utsën	5852
pu'uxm	35117
pu'uxmën	26337
pu'uy	2926
Puá	2926
pujëtu'unëyëpën	2926
pujtën	4389
pujtpë	10242
pujtpën	4389
pujtpëty	2926
pujxn	1246654
pujxn'oytyuunpë	2926
pujxnëmpë	10242
pujxnën	71697
pujxnëpë	13168
pujxnës	2926
pujxnëty	5852
pujxnjo'kn	5852
pujxnka'tspë	4389
pujxnkë'ëjiits	4389
pujxnkëjxy	2926
pujxnkuwojpën	17558
pujxnmä'tn	5852
pujxnmeeny	5852
pujxnpë	39506
pujxnpotsy	2926
pujxntä'äky	13168
pujxntëjk	27800
pujxntëjk'aaw	2926
pujxntëjkën	4389
pujxntëjkëwent'ajtpë	2926
pujxntëjkja'ay	2926
pujxntëjkja'ayëty	4389
pujxntejpxy	26337
pujxntsetsy	2926
pujxnwintëkäämpë	84866
pujxnwintëkäämpëjoty	4389
pujxnxuxn	51212
pujxtä'äky	2926
Pul	2926
Punón	2926
pupäjtën	19021
Puquí	5852
Purá	2926
Purim	5852
putëjk	17558
putëjkëk	7316
putëjkëkës	17558
putëjkën	70234
putëjkëpën	5852
putëjkëtëkës	14632
putëjkëyëp	7316
putëkë	4389
putëkëjanëp	2926
putëkëtë	13168
putëkëtëp	4389
putëkëtëpën	5852
putsp	2926
putspujxn	2926
putu'unëpë	7316
puty	2926
puuy	5852
Puvá	4389
pya'a	49749
pya'ajën	43896
pya'ak	4389
pya'akëty	5852
pya'akxuuktën	2926
pya'akxuuky	7316
pya'akxuukyën	2926
pya'am	4389
pya'ampäjta'atë	2926
pya'ampety	11705
pyä'än	30727
pya'at'ijxy	7316
pya'at'ixy	4389
pya'atänëty	5852
pya'atwa'atstë	4389
pya'ëyo'ow	2926
pya'ëyo'owën	2926
pya'ëyoopy	8779
pya'ëyoopyën	10242
pya'ëyoowë	4389
pya'ëyowa'anëtë	2926
pya'ëyowëtëty	5852
pya'ëyoy	5852
pya'ëyoyë	2926
pya'ëyoyën	2926
pya'kxwiin	2926
pya'tëjkënë	2926
pya'tëjkëy	19021
pya'tëkë	13168
pya'tëkën	4389
pya'tëkëtë	2926
pya'tënääpyën	2926
pya'tënaaytyëpën	2926
pya'tk'ëxmots	2926
pya'tkë'p'ajty	4389
pya'tkë'p'aty	2926
pya'tkë'p'atyën	4389
pya'tkën	8779
pyaat'atëtë	7316
pyaat'atëtën	11705
pyaat'atyë	14632
pyaat'atyën	80476
pyaatäämpy	11705
pyaatantëp	13168
pyaatëp	16095
pyaatëtë	19021
pyaatëtën	17558
pyaatëtëty	13168
pyaatëtëtyën	4389
pyääty	2926
pyäätyë	36580
pyäätyën	29264
pyajëtijtypyën	5852
pyajëtitëtën	2926
pyajëtityë	5852
pyajëtujtëpën	2926
pyajk	36580
pyajk'aty	2926
pyajkën	2926
pyajkëty	8779
pyajnë	4389
pyäjta'atë	2926
pyäjtë	7316
pyäjtë'ëky	4389
pyäjtnëtë	2926
pyäjxtëpën	4389
pyamiinë	4389
pyaminëtë	4389
pyaminyë	7316
pyaminyën	2926
pyanëjkxantëp	2926
pyanëjkxë	4389
pyanëjkxëpën	2926
pyanëjkxëtë	8779
pyanëjkxëtëty	5852
pyanëjkxtëjkëtyë	4389
pyanëjkxtëp	14632
pyanëjkxtëpën	8779
pyanëjkxyë	20484
pyanëjkxypyën	4389
pyapo'ojëtën	2926
pyat	2926
pyata'ajëtë	2926
pyatäämpy	40969
pyatë	10242
pyätë	23411
pyatën	13168
pyatënën	4389
pyatëp	13168
pyatëpën	4389
pyatëtë	10242
pyätëty	13168
pyatso'onë	8779
pyatso'onëtë	5852
pyatso'ontën	4389
pyatsoonyë	4389
pyatunäämpy	4389
pyatunëp	4389
pyatuntëpën	4389
pyatuumpy	17558
pyatuumpyën	13168
pyatuun	2926
pyatuunëp	5852
pyatuunëtëp	2926
pyatuunëtëpën	2926
pyatuunpyën	2926
pyatuuntëp	11705
pyatuuntëpën	13168
pyätyp	62918
pyätypyën	14632
pyaye'epy	2926
pyaye'epyën	7316
pyaye'ey	10242
pyaye'eyäämpy	10242
pyaye'eyën	5852
pyaye'eyëty	2926
pyaye'eytyëp	4389
pyaye'eytyëpën	8779
pyë'aay	19021
pyë'am	8779
pyëjk	2926
pyëjkë'kpyën	2926
pyëjkën	8779
pyëjkënë	7316
pyëjkëp	7316
pyëjkëtëty	2926
pyëjkëty	7316
pyëjkëtyëpën	2926
pyëjkëyën	2926
pyëjkmujkën	2926
pyëjknë	7316
pyëjknëtë	8779
pyëjkpë	4389
pyëjkta'akëtë	7316
pyëjkta'akëtën	2926
pyëjkta'akëtëty	2926
pyëjkta'aktëp	4389
pyëjkta'aktëpën	4389
pyëjktä'äky	29264
pyëjktä'äkyë	11705
pyëjktä'äkyën	4389
pyëjktä'äkyëty	7316
pyëjktak	10242
pyëjktakë	8779
pyëjktakën	19021
pyëjktäkpy	8779
pyëjktäkpyën	8779
pyëjktaktën	2926
pyëjktaktëp	2926
pyëjktaktëpën	11705
pyëjktë	5852
pyëjktëpën	5852
pyëjktso'owën	7316
pyëjktsoowtëpën	2926
pyëjkxëtë	4389
pyëjkxëtën	2926
pyëjnë	2926
pyejty	29264
pyëjwä'kxy	2926
pyëk	2926
pyëka'any	11705
pyëkëp	4389
pyëkëpën	2926
pyëkëtë	5852
pyëkëtëty	7316
pyëkëty	30727
pyëktë	33653
pyëktën	11705
pyëktëpën	11705
pyëktëty	16095
pyënëtyën	2926
pyëtë'ëka'any	7316
pyëtë'ëkëty	13168
pyëtë'ëktë	13168
pyëtë'ëktëty	2926
pyëtë'knë	11705
pyëtë'knëty	2926
pyëtë'kojnë	2926
pyëtë'kojtë	7316
pyëtë'kojy	20484
pyëtë'kta'atë	4389
pyëtë'kta'ay	5852
pyëtë'ktaaytyë	4389
pyëtë'ktë	5852
pyëti'iky	46822
pyëti'ikyën	17558
pyëti'ky	59991
pyëti'kyën	5852
pyëtsëëmnë	7316
pyëtsëëmnëtë	2926
pyëtsëëmta'atë	10242
pyëtsëëmtaaytyë	7316
pyëtsëëmtë	42433
pyëtsëma'antë	2926
pyëtsëma'any	23411
pyëtsëmëty	49749
pyëtsëmtë	30727
pyëtsëmtën	8779
pyëtsëmtëty	16095
pyëtsiimy	87792
pyëtsiimyën	4389
pyëtsimy	137541
pyëtsimyën	112667
pyety	17558
pyetyën	10242
pyëyë'ëktë	4389
pyëyë'ëktëty	2926
pyëyë'ktso'ony	2926
pyëyi'iky	10242
pyëyi'ikyën	23411
pyi'itsy	4389
pyi'itsyën	2926
pyi'ixy	8779
pyi'ixyën	7316
pyi'k'atën	2926
pyi'k'atëty	2926
pyi'k'aty	8779
pyi'k'atyën	5852
pyi'tsta'ay	2926
pyiitë	2926
pyijkpy	4389
pyijkpyën	5852
pyijkxnojkpy	2926
pyijky	13168
pyijkyën	7316
pyijy	13168
pyijyën	4389
pyikëty	2926
pyiky	92182
pyiky'atën	2926
pyikyë	20484
pyikyën	13168
pyikyëty	17558
pyikynyëm	4389
pyitsa'any	2926
pyo'kxa'any	2926
pyo'kxënxëëwëty	2926
pyo'kxëty	4389
pyo'kxtakn	4389
pyo'kxtaknën	5852
pyo'kxtaknëty	2926
pyo'kxtë	33653
pyo'kxtën	10242
pyo'kxtëty	5852
pyo'kxtëtyën	4389
pyo'kxy	26337
pyo'kxyën	23411
pyo'o	16095
pyo'ojëty	4389
pyo'omayë	4389
pyo'opätën	2926
pyo'owëën	4389
pyo'oxa'any	7316
pyo'oxy	14632
pyo'oxyën	2926
pyoj	5852
pyojë'ëky	2926
pyojë'ëkyën	4389
pyojëty	2926
pyojkpy	5852
pyojkpyën	7316
pyojminy	4389
pyojtëkoy	7316
pyojtsë'ëkyëty	2926
pyojwä'kxyën	4389
pyojxëpy	4389
pyojy	23411
pyojyën	8779
pyojyu'kxy	4389
pyok	4389
pyoky	276546
pyoky'ijxyp	4389
pyokyë	4389
pyokyën	2926
pyokyëty	131688
pyokyëtyën	2926
pyokyjä'äyëty	2926
pyokyjyä'äy'atë	5852
pyokykya'atëty	2926
pyokymyä'kxëtë	4389
pyokymye'kxy	2926
pyokymyëët'atë	5852
pyokymyëëtëty	8779
pyokymyëëtëtyën	11705
pyokytyëkëty	2926
pyokytyu'unënëty	2926
pyokytyunëty	7316
pyokytyunëtyën	4389
pyokytyuntë	39506
pyokytyuntën	5852
pyokytyuntëty	10242
pyokytyuny	48285
pyokytyunyën	11705
pyokytyuun'ëtë'ëtstë	2926
pyokytyuunë	2926
pyokytyuuntë	5852
pyokytyuuny	4389
pyoom	5852
pyoomëty	4389
pyoop	2926
pyotm'atëty	2926
pyotm'aty	2926
pyotm'atyën	2926
pyotsy	7316
pyotsyëty	7316
pyoty	7316
pyoxa'any	2926
pyoxnë	2926
pyoxtë	2926
pyoxy	4389
pyu'tspujxn	8779
pyu'uts	11705
pyu'uxm	5852
pyu'uy	2926
pyujtë'ëktë	2926
pyujtnë	2926
pyujxn	33653
pyujxnëty	16095
pyujxnkujup	4389
pyujxnwintëkäämpë	35117
pyujxnwintëkäämpëjoty	5852
pyukajpxëtëpën	2926
pyupäjtën	2926
pyutëjk	4389
pyutëjkën	13168
pyutëjkëp	20484
pyutëjkëpë	4389
pyutëjkëpën	5852
pyutëjkëtëpën	2926
pyutëjkëtyë	2926
pyutëjkëtyëp	5852
pyutëjkëtyëpën	8779
pyutëjkëyë	7316
pyutëjkëyëtë	2926
pyutëk	2926
pyutëkëja'antë	2926
pyutëkëtë	14632
pyutëkëtën	5852
pyutëkëtëpën	2926
pyutëkëtëty	16095
pyutëkëty	48285
pyutëkëtyën	7316
pyutëkoy	2926
pyutëty	4389
pyutsnëtë	2926
pyutu'unëpë	7316
pyuty	5852
pyuuy	16095
pyuuyën	4389
pyuuyxyixy	4389
pyuuyxyixyën	2926
pyuwa'këtyën	2926
pyuxy	2926
Quebar	8779
Quedar	13168
Quedes	11705
Quedorlaomer	10242
Quefirá	5852
Quehat	61454
Quehelata	2926
Queilá	5852
Quélah	2926
Quelión	4389
Quelitá	4389
Quelub	2926
Quemós	11705
Quemuel	4389
Quenaaná	7316
Quenás	2926
Quenat	8779
Quenehe	2926
quenitëja'ay	4389
quenitëja'ayëty	4389
Queran	2926
Queret	14632
quereteos	2926
Queriot	4389
Querit	2926
Querós	2926
Querub	2926
querupines	4389
quesë	2926
Quibrot	4389
Quimham	4389
Quinéret	7316
Quir	14632
Quiriat	43896
Quiriataim	8779
Quis	33653
Quisi	2926
Quisión	2926
Quisón	7316
Quitim	2926
Raamá	7316
Rabá	20484
Rafa	2926
Rahab	21948
Ram	10242
Ramá	49749
Ramat	5852
Ramot	39506
Ramsés	7316
Raquel	76086
Reaia	4389
Reba	2926
Rebeca	62918
Recab	17558
Refa	16095
Refaías	10242
Refaim	11705
Refidim	7316
Réguem	2926
Rehabías	7316
rehob	4389
Rehob	13168
Rehobot	4389
Rehúm	11705
Remalías	16095
Réquem	8779
Résef	4389
Reu	7316
Reuel	23411
Rezin	8779
Rezón	5852
Ribai	2926
Riblá	5852
Rifat	2926
rimón	13168
Rimón	17558
Riplá	5852
risataim	4389
Ritmá	2926
Rizpa	4389
Roboam	92182
Rodanim	2926
roguel	5852
Roguelim	2926
Roma	36580
Romanti	2926
Romë	20484
Rubén	130225
Rufo	2926
ruhamá	5852
Rut	49749
Saaf	2926
Saalbim	4389
Saaraim	4389
Saasgaz	2926
Sabá	27800
sabactani	2926
sabejë	2926
Sabtá	2926
Sabtai	2926
Sabtecá	2926
Sacar	2926
Sadoc	74623
Sadrac	10242
saduceos	13168
Safán	32190
Safat	10242
Safira	4389
salal	2926
Salatiel	13168
Salcá	4389
Salem	5852
Salma	2926
Salmá	2926
Salmanasar	10242
Salmón	10242
salmos	7316
Salomé	2926
Salomón	456521
Salu	5852
Salum	46822
Samá	16095
samaariëtë	14632
Samai	10242
Samaria	181438
Sambalat	14632
Samgar	4389
Samir	5852
Samlá	5852
Samua	7316
Samuel	215091
Samuelën	5852
sán	2926
Sansón	118519
Santiagë	48285
Santiago	11705
sapëtë	2926
säpëtë	10242
Sara	57065
Sarai	24874
Sardes	2926
Sarepta	5852
Saretán	2926
sarézer	4389
Sarézer	4389
Sarid	2926
Sarón	10242
Sarvia	33653
Sasac	2926
Satanás	2926
satuceë	2926
satuceos	2926
Saúl	554556
Saulën	10242
Saulo	59991
Save	2926
sean	8779
Searías	2926
Sebá	32190
Sebanías	10242
Sebná	13168
Seboím	10242
Sebuel	4389
Secanías	13168
Sedad	4389
Sedequia	2926
Sedequías	102424
Sedeur	4389
Sefam	4389
Sefarvaim	8779
Sefatías	19021
séfer	2926
Séfer	2926
Sefó	7316
Sefón	2926
Séfora	7316
Segub	4389
Seir	52675
Selá	23411
Sélah	16095
Seled	2926
Selef	2926
Selemías	14632
Selofhad	2926
Selófhad	2926
Selomit	14632
Selomot	2926
Selumiel	5852
Sem	27800
Semá	10242
sëmaan	21948
sëmaan'ëjxy	8779
sëmaanpë	5852
Semaías	55601
Semarías	5852
Semer	10242
semes	35117
Semiramot	5852
Senaá	4389
Senaquerib	29264
Senir	5852
Sera	2926
sérah	7316
Seraías	30727
Serebías	11705
Seredán	2926
Serug	8779
Sesai	4389
Sesán	4389
Sesbasar	7316
Set	16095
Setar	7316
Shur	10242
Siaha	2926
Sibá	20484
Sibecai	7316
Sibiá	2926
Sibmá	7316
Sibón	11705
Siclag	11705
siclë	2926
Sidón	51212
Sidónja'ay	2926
Sidónja'ayëty	20484
Siglag	8779
Sihá	4389
Sihón	55601
Sihor	5852
Silá	5852
Silas	38043
Silem	2926
Silhí	2926
Siló	54138
Siloé	8779
Silvano	5852
Simá	2926
Simai	2926
Simat	2926
Simea	8779
Simeón	74623
Simi	2926
Simí	64381
Simón	118519
Simónk'ajtp	2926
Simri	5852
Simrón	8779
Simsai	2926
Sin	11705
Sinaí	48285
Sinar	7316
sinejë	2926
Sión	216555
siquem	2926
Siquem	98035
Siria	51212
sirië	165342
Sirión	4389
Sisac	13168
Sísara	40969
Sismai	2926
Sitim	13168
sitonyë	2926
Soan	5852
Soar	4389
Sobá	20484
Sobab	5852
Sobac	2926
Sobai	2926
Sobal	13168
Socó	11705
Sodomë	70234
Sofac	2926
Sofar	2926
Soféret	2926
Sofonías	19021
soldadëty	2926
Sorá	8779
Sóstenes	2926
Sotai	2926
Sua	8779
Súah	2926
sual	8779
Subael	4389
Sucot	27800
suertëjoty	5852
Suf	2926
Sufam	2926
Suham	2926
Sulam	2926
sunamitë	2926
sunamja'ay	2926
Sunem	8779
Suni	2926
sur	8779
Susa	26337
Sutelá	5852
t'a'ijxëy	17558
t'a'ijxnaxy	4389
t'a'ix	2926
t'a'ixë	29264
t'a'ixëtë	4389
t'a'ixy	2926
t'a'uukëtë	2926
t'aaw	2926
t'aawëty	4389
t'ajawëtë	2926
t'akajpxë	5852
t'akajpxëtë	8779
t'akajpxëtyë	2926
t'akajpxtë	7316
t'akajpxtën	4389
t'akajpxtujky	2926
t'akajpxtukëty	4389
t'akajpxtuktë	2926
t'akajpxtuky	7316
t'akäjpxy	8779
t'akäjpxyën	27800
t'akë'ëtë	4389
t'akë'tsëy	2926
t'akëëytyu'utë	2926
t'akëyë	4389
t'akojë	2926
t'äkojëtya'atë	2926
t'akojëtyä'äy	4389
t'akonë	7316
t'amëkojxëy	2926
t'amëtoow'ijtë	4389
t'amëtoow'ijtëtën	2926
t'amëtoow'itë	2926
t'amëtoow'itëty	4389
t'amëtoowtë	19021
t'amëtooy	23411
t'amëtow	4389
t'amëtowa'antë	5852
t'amëtowa'any	2926
t'amëtowëty	11705
t'amëtowtë	26337
t'amëtowtën	5852
t'amëtowtëty	5852
t'amëtoy	36580
t'amëtoyën	11705
t'anaxy	2926
t'anëjkxë	4389
t'anëjkxëtë	2926
t'antijy	4389
t'apätë	2926
t'apëjkëtyë	2926
t'apëjkëy	7316
t'apëjkmujky	2926
t'apëkëja'any	2926
t'apëkëtë	5852
t'apëkëtën	4389
t'apëkëty	2926
t'apetyën	5852
t'apo'kxmuktë	2926
t'atään	4389
t'atämë	4389
t'atänë	14632
t'atänëtën	2926
t'atänëtëty	4389
t'ateeny	5852
t'atënaay	2926
t'atijë	4389
t'atsë'ëk	4389
t'atsip'ajty	2926
t'atsip'atëty	2926
t'atsip'aty	2926
t'atsoky	8779
t'awä'äky	2926
t'awitstën	5852
t'awitsy	5852
t'awojpwä'kxy	2926
t'aye'ey	5852
t'aye'eytya'atë	2926
t'aye'eytyääy	4389
t'aye'eytyääytyë	5852
t'ayukëtyën	2926
t'ayuu'atë	2926
t'ëëty	2926
t'ëk	32190
t'ëk'ënëmaaynyë	2926
t'ëk'ëxmajtsnë	2926
t'ëk'ijxnë	8779
t'ëk'ijxpë	2926
t'ëk'ixa'any	2926
t'ëkëty	7316
t'ëkja'amyäjtsnë	4389
t'ëkjaakënu'kxnë	2926
t'ëkjëkyäjpnë	40969
t'ëkjëkyäjpnën	2926
t'ëkjëkyäjpnëtë	7316
t'ëkkupëjknë	4389
t'ëkmëët'ajnë	20484
t'ëkmëët'ajnëtë	13168
t'ëkmëët'ajtpë	4389
t'ëkmëët'ajtpën	2926
t'ëkmëët'atanëtë	4389
t'ëkmëj'ijxnë	2926
t'ëkmëj'ijxnëtë	4389
t'ëkmëmaay	5852
t'ëkmëmëtaknë	2926
t'ëkmëmëtoownëtë	2926
t'ëkmëmiinëtëty	2926
t'ëkmëtajnë	4389
t'ëknija'awënë	2926
t'ëknija'awënëtë	5852
t'ëknimëtyaknëtëty	2926
t'ëkninëjkxy	2926
t'ëkojnëtë	2926
t'ëkpa'ëyoownëtë	2926
t'ëkpat	2926
t'ëkpatnë	8779
t'ëkpatnëtë	2926
t'ëkpatuunë	2926
t'ëkputëkëjanëtë	2926
t'ëktuk'ijxpäjnëtë	2926
t'ëktuunë	11705
t'ëktuunëtë	7316
t'ëktuunëtëty	2926
t'ëktuunëty	2926
t'ëkyajknë	2926
t'ëkyajknëtë	2926
t'ëkyajma'tnë	2926
t'ëkyajtëëwnë	2926
t'ëkyajtu'uye'eynyëtë	2926
t'ëmaay'äty	2926
t'ënä'ämëty	16095
t'ënä'ämta'ay	5852
t'ënä'ämtë	5852
t'ëna'antë	11705
t'ëna'any	2926
t'ëna'k'aty	7316
t'ëne'emy	35117
t'ëne'emyën	2926
t'ënëëmë	174121
t'ënëëmëja'antë	2926
t'ënëëmëja'any	10242
t'ënëëmën	23411
t'ënëëmëtë	27800
t'ënëëmëtëty	26337
t'ënëëmëty	30727
t'ënëmaay	1647574
t'ënëmaayën	11705
t'ënëmaaykyojnëpë	4389
t'ënëmaaynyë	2926
t'ënëmaaynyëtë	4389
t'ënëmaaytyääy	11705
t'ënëmaaytyë	275083
t'ëtsë'ëkëja'antë	2926
t'ëtsë'ëkëtë	5852
t'ëtsoowinpijtë	2926
t'ëtsoowinpijty	7316
t'ëtsoowinpity	10242
t'ëtsoowinpityën	2926
t'ëtsoowtë	14632
t'ëtsooy	93645
t'ëtsowëty	2926
t'ëtsoy	19021
t'ëtukëty	4389
t'ëwa'atsëty	4389
t'ëwa'atstë	2926
t'ëwa'atsy	23411
t'ëwa'atsyën	5852
t'ëwaanë	7316
t'ëwatsë	2926
t'ëwatsy	11705
t'ëwtajnë	11705
t'ëwtajnëtë	14632
t'ëwtajtë	23411
t'ëwtajtën	2926
t'ëwtajtnëtë	8779
t'ëwtajtnëty	2926
t'ëwtajty	11705
t'ëwtata'antë	8779
t'ëwtata'antën	2926
t'ëwtata'any	7316
t'ëwtatë	51212
t'ëwtatën	92182
t'ëwtatëty	26337
t'ëwtaty	21948
t'ëwtatyën	19021
t'ëwtë	20484
t'ëwxijtë	5852
t'ëwxitë	10242
t'ëwxity	4389
t'ëxajë	35117
t'ëxajëja'antë	2926
t'ëxajëja'any	2926
t'ëxajën	7316
t'ëxajënë	2926
t'ëxajëtë	14632
t'ëxajëtën	5852
t'ëxajëtëty	7316
t'ëxajëty	13168
t'ëxajëtyääytyë	5852
t'ëxajëtyë	5852
t'ëxajëy	16095
t'ëxëëk	5852
t'ëxëëk'ijxnë	2926
t'ëxëëk'ixtë	2926
t'ëxëëk'ixy	4389
t'ëxëëkja'ayëty	2926
t'ëxëëktijy	2926
t'ëxëëktuny	10242
t'ëxkexyën	2926
t'ëxmajtsnë	7316
t'ëxmajtsnën	5852
t'ëxmajtsnëtë	21948
t'ëxmajtstaaytyë	4389
t'ëxmajtstë	32190
t'ëxmajtsy	32190
t'ëxmatsa'antë	5852
t'ëxmatsa'any	7316
t'ëxmatsëty	39506
t'ëxmatstë	52675
t'ëxmatstën	5852
t'ëxmatstëty	16095
t'ëxmatsy	55601
t'ëxta'atëty	17558
t'ëxwojpta'aja'any	2926
t'ëxwojpta'ay	8779
t'ëxwojpta'ayën	2926
t'ëxwojptaaytyë	2926
t'ëxwopyën	2926
t'ëy	8779
t'ijx	8779
t'ijx'it	8779
t'ijx'itëty	7316
t'ijx'ity	4389
t'ijxëtë	2926
t'ijxka'pxtaay	5852
t'ijxkaptëty	2926
t'ijxmajtstë	5852
t'ijxmujkta'ay	2926
t'ijxmujktaay	2926
t'ijxnë	8779
t'ijxnëtë	5852
t'ijxpaatë	10242
t'ijxpaatëty	5852
t'ijxpaaty	13168
t'ijxpatë	26337
t'ijxpaty	62918
t'ijxpëky	4389
t'ijxpëtsëëmtë	10242
t'ijxpëtsëmtë	7316
t'ijxpëtsëmtën	2926
t'ijxta'atë	2926
t'ijxta'ay	2926
t'ijxtaay	4389
t'ijxtë	251672
t'ijxtëkoy	2926
t'ijxy	323369
t'itë	8779
t'ity	14632
t'ix	4389
t'ixa'antë	11705
t'ixa'antën	2926
t'ixa'any	20484
t'ixëty	95108
t'ixjëtit	2926
t'ixjëtity	4389
t'ixjtë	2926
t'ixka'atstën	2926
t'ixkajptë	4389
t'ixkäjxtë	2926
t'ixkaptë	4389
t'ixkäpy	2926
t'ixkäxëty	2926
t'ixkäxtë	2926
t'ixkäxtëty	8779
t'ixkejxy	5852
t'ixkexy	8779
t'ixko'owta'ay	2926
t'ixkukë	4389
t'ixmatsa'any	2926
t'ixta'aja'antë	5852
t'ixta'aja'any	8779
t'ixta'ajëty	5852
t'ixta'atë	46822
t'ixta'ay	36580
t'ixta'ayën	5852
t'ixtaay	2926
t'ixtaayëtë	2926
t'ixtaaytyääytyë	2926
t'ixtaaytyë	11705
t'ixtë	218018
t'ixtën	35117
t'ixtëty	76086
t'ixtëtyën	5852
t'ixtijtë	8779
t'ixtijy	4389
t'ixy	288252
t'ixy'atë	10242
t'ixy'atën	14632
t'ixy'äty	5852
t'ixy'ätyën	7316
t'ixyajtën	4389
t'ixyën	42433
t'ixynyëm	2926
t'o'kta'atë	2926
t'ojtë	11705
t'ojy	8779
t'ok'aty	10242
t'ooktë	10242
t'ooky	13168
t'oy'ixtë	2926
t'oy'ixy	16095
t'oy'ixyën	7316
t'oyja'awëy	4389
t'oyjawën	2926
t'oyjyawë	21948
t'oyjyawën	8779
t'oyjyawëtë	5852
t'oyjyawëty	2926
t'oymyëtoy	2926
t'oytyunëty	10242
t'oytyunëtyën	2926
t'oytyuntë	17558
t'oytyuntën	4389
t'oytyuntëty	5852
t'oytyuny	77550
t'oytyunyën	20484
t'oytyuunë	10242
t'oytyuunta'atë	2926
t'oytyuunta'ay	5852
t'oytyuuntaay	2926
t'oytyuuntë	7316
t'oytyuuny	38043
t'oytyuunyën	2926
t'u'unk'ajtyën	5852
t'u'unk'at	2926
t'u'unk'aty	46822
t'u'unk'atyën	14632
t'U'unkëty	2926
t'uktë	4389
t'uky	4389
t'uuka'any	2926
t'uukany	2926
t'uukëty	14632
t'uuktë	20484
t'uuktëty	19021
t'uuky	16095
t'uukyën	11705
tä	6445439
ta'akkam	2926
tä'äky	10242
ta'am	13168
ta'amëm	8779
ta'amën	14632
ta'amnëë	4389
ta'ampë	10242
ta'amts	4389
ta'tspëkpyë	13168
ta'tspëky	105351
ta'tspëkyën	17558
ta'tspëkyëty	2926
ta'tspëkyëtyën	4389
ta'tspëkyëtypë	4389
tää	501880
tää'ajtp	2926
tääjën	11705
tääjës	237039
taak	52675
taak'aty	2926
taakën	2926
Taanac	10242
täänëm	84866
täänëmës	4389
tääpë	1432482
tääpëty	4389
Tääs	2926
tääts	1177883
Tääts	1785115
täätsës	156563
tääyëm	16095
tääyëmën	2926
Tabaot	2926
Tabeel	2926
Taberá	2926
tabor	2926
Tabor	14632
Tadeo	2926
Tafnes	8779
Tahan	2926
Tahat	10242
Tahpenés	4389
taj	7316
tajën	13168
tajk	24874
tajkën	2926
tajp	2926
tajpë	7316
tajpën	10242
tajpës	2926
tajtë	14632
tajtën	2926
tajtëpën	7316
tajy	4389
tajyën	2926
täk	8779
taktë	2926
taktëpën	5852
Talmai	8779
Talmón	5852
tam	971571
tam'ajtëp	2926
Tam'ajtëp	2926
tam'ajtp	7316
tam'ajtpës	5852
tam'ataanpës	2926
tamar	4389
Tamar	58528
tamës	48285
tamnëm	14632
tampë	61454
tämtë	2926
tamtëm	16095
tamts	8779
tamtsën	5852
tämyëm	5852
tänë	21948
tap	117056
tapës	4389
taptëm	8779
Tapúah	10242
Tara	2926
Taré	11705
Tarea	2926
Tarsis	38043
Tarso	2926
tatë	4389
Tatë	38043
Tatenai	5852
tatsk	10242
tatskmëkajpxë	2926
tatskpujxtuty	2926
tatsktëy	7316
taxk	260451
taxk'oknipety	2926
taxkëty	2926
taxkjaty	4389
taxkpë	32190
taxkpëkpyë	5852
taxkpëky	27800
taxktatsk	7316
taxtujk	62918
tay	2926
të	16579630
të'ëny	5852
të'ënyën	8779
të'ëts	71697
të'ëts'it	20484
të'ëts'itën	4389
të'ëts'itjot	21948
të'ëts'itjotm	247282
të'ëts'itjotmën	23411
të'ëts'itjotmëpë	4389
të'ëts'itum	36580
të'ëts'ituuy	11705
të'ëtsën	4389
të'ëtsëty	2926
të'ëtsëtypë	2926
të'ëtsjotmën	2926
të'ëtsnaax	14632
të'ëtspë	8779
të'kxën	70234
të'kxp	17558
të'kxpë	2926
të'kxpën	5852
të'kxy	16095
Tebas	8779
Tebés	4389
Tecoa	16095
tëë	3649245
tëëjëk	4389
tëëjën	5852
tëëjës	730141
tëëm	24874
tëëm'ajtë'kpën	7316
tëëm'ajtp	4389
tëëm'ajtpën	4389
tëëmën	11705
tëëmëty	7316
tëëmpäjtpën	13168
tëëmpätaanp	2926
tëëmpätëpën	2926
tëëmt	42433
tëëpë	128762
tëëpës	2926
tëës	99498
Tëës	406772
tëëtëm	36580
Tëëts	2926
tëëtsë	7316
tëëtsë'ëk	92182
tëëtsë'ëkën	4389
tëëtsë'ëkës	4389
tëëtsë'ëkpë	14632
tëëtsës	11705
teety	965718
teety'ajtë	121446
teety'ajtën	5852
teety'ajtëpën	19021
teety'ajtk	10242
teety'ajtkën	4389
teety'ajtp	2926
teety'ajtpën	14632
teety'at	2926
teety'ataanp	2926
teety'atëpën	2926
teety'äty	4389
teety'ätyën	4389
teetyëjk	59991
teetyëjkëty	4389
teetyën	39506
Teetyës	2926
teetyëty	17558
teetytyëjk	13168
teetytyëjkëty	397993
teetytyëjkëtyën	16095
Tëëxë	2926
tëëxy	10242
tëëxykyepy	20484
tëëxykyepyën	2926
tëëyëp	223871
tëëyëpë	14632
tëëyëpën	30727
tëëyëpës	7316
tëj	2926
tëja'aw	52675
tëja'awën	32190
tëja'p	61454
tëja'ptsow	20484
tëja'ptsowën	4389
tëja'ptsowpë	5852
tëjk	484322
tëjk'aaw	162416
tëjk'aawën	54138
tëjk'akaj	7316
tëjk'apu'uy	4389
tëjk'apu'uyën	2926
tëjk'ëjxy	4389
tëjk'ëkë'ëm	43896
tëjkëjxm	11705
tëjkëjxy	11705
tëjkën	269230
tëjkënyëp	2926
tëjkëp	13168
tëjkëpën	4389
tëjkëtëpën	4389
tëjkëty	4389
tëjkëtyakn	39506
tëjkëtyaknën	59991
tëjkëtyëp	8779
tëjkëtyëpën	4389
tëjkëwent'ajtpëty	2926
tëjkkaa	5852
tëjkkëjxy	11705
tëjknë	2926
tëjknëkëjxm	10242
tëjknëkëjxy	4389
tëjkpa'atwa'ats	2926
tëjktëjkëtyëp	2926
tëjkwiin	30727
tëjkwiinën	14632
tëjkwinm	7316
tëjkwintum	5852
tëjkwitsë	2926
tëjkxo'omy	11705
tejpxy	65844
tejpxyën	5852
tëkäämpë	36580
tëkäämpën	2926
tëkatsy	175585
tëkatsyës	4389
tëkatsyëty	4389
tëkatsyjyäty	11705
tëkatsypë	27800
tëkatyëty	4389
tëkë	8779
Tëkë	8779
tëkë'px	185827
tëkëëk	676002
tëkëëk'ok	17558
tëkëëkjaty	5852
tëkëëkpë	2926
tëkëëkpëky	23411
tëkëëkwääpy	2926
tëkëjaanp	2926
tëkëjantëp	2926
TEKEL	2926
tëkëtë	10242
tëko'oyën	89255
tëkok	198996
tëkokyë	1638794
Tëkokyës	2926
tëkokyëty	2926
Tëkokyëty	2926
tëkoopy	4389
tëkoopyë	4389
tëkoopyën	4389
tëkooytya'atë	2926
tëkooytyëp	4389
tëkooytyëpën	2926
tëkot	65844
tëkot'itkujky	2926
tëkotën	24874
tëkotm	4389
tëkotsyow	14632
tëkotsyowën	2926
tëkoty	225334
tëkotyën	2926
tëkotyowën	2926
tëkotytsyowpë	10242
tëkoy'ajtp	7316
tëkoy'äty	5852
tëkoy'ätynyëm	2926
tëkoy'ijtpën	8779
teky	19021
teky'am	8779
tekymya'at	20484
tekymya'atëjk	4389
tekymya'atën	10242
tekymya'atpë	11705
tekytsyujktaay	2926
tekytsyumy	4389
tekytsyuumy	2926
tekytyëjtë	2926
tekytyu'uk	4389
tekywya'ats	8779
tekyxyujxpë	11705
tekyye'epy	14632
Tel	7316
Telaim	2926
Telasar	2926
Temá	10242
Temán	20484
Temë	26337
temy	7316
tënääpy	7316
tënääpyën	24874
tënaaypyäjn	2926
tënaaytyakn	24874
tënaaytyaknëty	5852
tënaaytyëp	5852
tënaaytyëpën	4389
tënë'k	14632
tënë'kën	2926
Térah	2926
Teres	2926
Tértulo	2926
Tesalónica	13168
tëtä'äky	62918
tëtä'äkyajtën	4389
tëtä'äkyës	2926
tëts	8779
tëtsëp	7316
tëtsëpën	7316
tëtsn	35117
tëtsntuupë	2926
tëtspën	2926
tëtsyk	5852
tëtujk	244356
tëtujkjaty	8779
tëtujkpë	4389
Tëtujkxëëw	11705
tëtykpyoj	5852
texy	20484
texyën	5852
texyjoty	13168
tëy	607232
tëy'ajtën	2926
tëy'ajtën'ajtp	11705
tëyajtën	528218
tëyajtënën	23411
tëyajtënpë	16095
tëyë	23411
tëyës	8779
Tëyës	11705
tëyëty	5852
tëynyë	2926
tëypyë	43896
tëypyujxn	98035
tëypyujxnë	2926
tëypyujxnën	7316
tëytyëm	2926
Tëytyëm	4389
tëytyu'u	4389
tëytyu'unën	62918
tëytyun	5852
tëytyuna'any	7316
tëytyunanëtëp	2926
tëytyunëp	2926
tëytyunëty	2926
tëytyuntëty	2926
tëytyuny	21948
tëytyunyën	2926
tëytyuunp	2926
tëytyuunpë	4389
tëytyuunpën	2926
tëytyuuny	2926
tëytyuunyën	2926
tëywyijtsnë	4389
tëyxyuywyit	2926
ti	4389
Ti	73160
ti'px	10242
ti'pxn	43896
ti'pxnën	7316
ti'pxnëty	2926
ti'pxnkepy	11705
ti'pxpë	4389
ti'pxpëty	2926
Tiatira	5852
Tiberias	4389
Tibní	4389
Ticvá	4389
Tidal	2926
tiempë	4389
tiempo	43896
Tiglat	8779
Tigris	2926
tii	3396109
tiijaty	108277
tiijatyës	4389
tiijën	27800
tiijës	156563
tiijësën	4389
tiijëty	5852
tiijotmay	16095
tiikutujkën	5852
tiikyëjxm	16095
tiikyëjxmën	4389
Tiimëk	2926
tiinë	5852
tiipëjktä'äky	2926
tiiputëjkën	2926
tiis	55601
tiitën	33653
Tiitën	45359
tiits	19021
tiitsajpkaa	2926
Tiitsën	4389
tiitsës	2926
tiitsip	16095
tiituunk	16095
tiixë	8779
Tiixë	16095
tiixën	7316
tijjëtityën	2926
tijtë	17558
tijtën	10242
tijy	32190
tijyën	2926
tikts	4389
tiktskäkpën	4389
tim	370192
tim'ëxmajtsnë	2926
timjëtu'un	65844
timjyawë	2926
timjyawëtë	2926
timkajpx	2926
timmyëj'ixy	2926
timmyëpëjky	2926
timmyëti'ipëty	2926
timmyo'oy	2926
Timná	5852
Timnäjyëpëkët	2926
Timnat	14632
timnyikäjpxy	4389
Timoteo	46822
timpyääty	5852
timpyatso'ontë	2926
timpyëjktä'äky	2926
timpyënëty	8779
timtsyoktën	4389
timtuuntëëwtën	2926
timtyämyë	17558
timtyukjuuky'atëty	2926
timtyuny	2926
timwyi'ixëty	2926
timy	39506
timy'ixy	2926
timy'ooky	2926
timyajjënakëty	2926
timyajkutëkoytyë	4389
timyajmo'oja'any	5852
timyajpaat	2926
tios	317516
Tios	8072528
Tios'ajtëpën	4389
Tios'ajtp	38043
Tios'ajtpën	33653
Tios'ajtypyën	2926
Tios'aty	2926
Tios'atyën	2926
Tios'ëwtatën	4389
Tiosajtën	5852
Tiosë	7316
Tiosëm	2926
tiosën	24874
Tiosën	304347
Tiosës	77550
tiosëty	14632
Tiosëty	30727
tiosëtyën	26337
Tioskujuuyëp	4389
tiostëjkëty	8779
Tiostëm	4389
Tioswintuuyë	2926
tip	27800
Tiquico	5852
Tirë	83402
Tirsá	26337
Tisbé	7316
Tito	21948
tja	7316
tjä'ä'ajnë	2926
tjä'ä'ajta'atë	7316
tjä'ä'ajta'ay	11705
tjä'ä'ajtë	5852
tjä'ä'ajty	2926
tjä'ä'ata'any	2926
tjä'ä'atë	54138
tjä'ä'atën	7316
tjä'ä'atëty	57065
tjä'ä'aty	38043
tjä'ä'atyën	7316
tjä'äjëty	7316
tjä'äjëtyën	2926
tja'akyujkëtë	4389
tja'akyujkëtyë	17558
tja'akyujkëy	10242
tja'akyukë	36580
tja'akyukëja'antë	2926
tja'akyukën	5852
tja'akyukëtë	42433
tja'akyukëtën	7316
tja'akyukëtëty	32190
tja'akyukëty	7316
tja'akyyukëtë	17558
tja'amëtoow'itën	2926
tja'amëtowtë	2926
tja'amyäjtstë	16095
tja'amyätsëty	4389
tja'amyätstë	23411
tja'amyätstën	2926
tja'amyätstëty	5852
tja'amyejtsy	26337
tja'amyetsy	35117
tjä'äniwa'antë	2926
tjä'äniwa'any	5852
tjä'äniwany	2926
tjä'äpëjktë	5852
tjä'äpëjky	8779
tjä'äpëkëty	2926
tjä'äpëktë	5852
tjä'äpëky	8779
tjä'ätsëty	2926
tjä'ätstë	2926
tjä'ätstëty	4389
tja'atyëkooynyë	7316
tja'atyëkooynyëtë	13168
tja'atyëkooytyë	2926
tja'atyëkoy	16095
tja'atyëkoyä'äny	5852
tja'atyëkoyëty	5852
tja'atyëkoytyë	4389
tja'atyëkoytyëty	4389
tja'awëkyëta'aktë	5852
tja'awëkyëtä'äky	2926
tja'awënëtë	5852
tja'awëtyë	20484
tja'awëy	32190
tja'axpëtsëmëty	4389
tja'ay	5852
tja'ay'äty	5852
tja'ayën	2926
tja'ënëëmëtë	2926
tja'ëxmatsany	2926
tja'ixantë	2926
tja'ixta'ajëty	2926
tja'ixta'atë	4389
tja'ixta'ay	2926
tja'ixtaay	2926
tja'ixtë	8779
tja'ixtëty	5852
tja'ixy	5852
tja'ty	2926
tjää'aty	8779
tjaak	10242
tjaak'ixy	2926
tjaakënëmaay	4389
tjaaknëmaay	2926
tjaakni'ënä'ämë	2926
tjaaknikajpxëy	4389
tjaaknikäjpxy	5852
tjaaknikëjuuypyätëty	4389
tjaakpaatë	2926
tjaaktimtyuntë	2926
tjaaktimyëët'atë	2926
tjaaktsu'kxy	2926
tjaaktuntë	2926
tjaakwoy	2926
tjaakyaj'itëty	4389
tjaakyaj'o'ktëpë	2926
tjaakyakëty	2926
tjaamtään	4389
tjaamteeny	4389
tjäänë	2926
tjaantyja'awëtë	2926
tjaantyja'awëy	5852
tjaantyjawëtë	8779
tjaantyjawëtëty	5852
tjaantyjya'awëtyë	5852
tjaantyjyawë	8779
tjaantyjyawëtë	4389
tjaay	5852
tjaaypyäjta'ay	2926
tjaaypyejty	2926
tjaaytyääy	4389
tjaaytyën	2926
tjajë'kxanë	2926
tjajë'kxy	2926
tjajëjp'ixy	2926
tjäjpëtëty	2926
tjäjpta'atë	2926
tjajtë	4389
tjajtnëtë	2926
tjajty	4389
tjaka'atsantë	2926
tjakajpxtë	2926
tjakajpxwijy	2926
tjakäjpxyën	2926
tjakexy	2926
tjam'aty	11705
tjamatsa'antë	4389
tjamatsantë	4389
tjamay	2926
tjamëët'ajty	4389
tjamëët'atë	5852
tjamëët'atëty	2926
tjamëëtëty	4389
tjamëkajpxtë	2926
tjamëkäjpxy	2926
tjamëmay	2926
tjamëtajy	2926
tjamëtoowtë	2926
tjamëtowtë	2926
tjamëtowtëty	4389
tjamëty	4389
tjänëty	2926
tjanijawëja'antë	2926
tjanijawëtë	4389
tjanikäjpxy	5852
tjanikäjpxyën	8779
tjaninëjkxtë	4389
tjanipëjktaakëtë	2926
tjanipëjktaakëtën	4389
tjäntëty	2926
tjanty	119983
tjanty'ënëëmë	4389
tjanty'ixta'atë	2926
tjanty'ixy	4389
tjantyaj'ëna'antë	2926
tjantymyëmintë	4389
tjantymyëtoy	2926
tjantymyo'oy	2926
tjantytsyoky	2926
tjantytyuntë	17558
tjantytyuny	17558
tjantytyuuny	4389
tjantyuuntë	2926
tjantyuuny	2926
tjantywyopy	2926
tjantyyaj'o'ky	2926
tjantyyajpëtë'ëky	2926
tjantyyajtëy	2926
tjapaatëty	2926
tjapaatyën	5852
tjapaty	2926
tjapëjktä'äky	4389
tjatë	13168
tjatën	2926
tjatëty	5852
tjatsoktë	8779
tjatsoky	4389
tjatukmëpëka'any	2926
tjatuknipëjktaakën	8779
tjatuknipëjktaakëtë	5852
tjatuknipëjktaakëtën	7316
tjatuknipëjktaakëtëty	2926
tjatuntën	2926
tjatuny	7316
tjatuuny	2926
tjaty	29264
tjatyë	8779
tjawë	86329
tjawëja'antë	4389
tjawëja'any	10242
tjawën	8779
tjawëtë	54138
tjawëtën	2926
tjawëtëty	7316
tjawëty	8779
tjayaj'itë	2926
tjayaj'ooka'any	5852
tjayajkojy	2926
tjë'ënta'atë	2926
tje'etsy	5852
tjë'kxa'any	4389
tjë'kxëty	26337
tjë'kxnëtë	5852
tjë'kxta'atë	2926
tjë'kxta'ay	2926
tjë'kxtë	32190
tjë'kxtën	2926
tjë'kxtëty	24874
tjë'kxy	23411
tjë'kxyën	10242
tjë'kxymyo'oy	2926
tjëëkajpxnë	2926
tjëën	5852
tjëën'ixko'onëtyë	2926
tjëën'ixko'onëy	2926
tjëënkupëky	2926
tjëënmo'oja'antë	4389
tjëënmooytyë	2926
tjëëpëky	4389
tjëjp'ijxtë	7316
tjëjp'ixëty	2926
tjëjp'ixtë	10242
tjëjp'ixy	11705
tjëjp'ixyën	5852
tjëjpaatë'ëky	4389
tjëjpkuwa'akëja'antë	2926
tjëjpkuwa'akëtëty	2926
tjëjpkuwa'akëty	2926
tjëjpkuwa'këtyë	2926
tjëjptuuntutyën	2926
tjëjpwa'akë	10242
tjëjpwa'akëtë	2926
tjëjpwa'këy	4389
tjëjpye'eyë'ëka'any	2926
tjëjpye'eyë'ëktë	4389
tjëjpye'eyi'iky	5852
tjëjpye'eytsyowtë	2926
tjëjpye'eytsyoy	4389
tjëkëëy	2926
tjëkyäp	5852
tjëkyäpëty	73160
tjëkyäpëtyën	4389
tjëkyäptë	4389
tjëkyäptëty	4389
tjëkyejpy	10242
tjëkyepy	544314
tjëkyëpy	2926
tjëkyepyën	54138
tjënäky	2926
tjeny	5852
tjëpëjkta'ay	4389
tjëpëjktaay	4389
tjëpëjky	4389
tjëpëkëty	2926
tjëpëky	17558
tjëpiptë	2926
tjëtuny	5852
tjëwijtsy	2926
tjijta'ay	2926
tjijtaay	2926
tjijtë'ëktë	2926
tjijtë'ëky	10242
tjijtë'ëkyën	4389
tjijtë'kta'atë	2926
tjijtë'kta'atëty	2926
tjijtë'kta'ay	5852
tjijtë'ktaay	2926
tjijtë'ktaayë	2926
tjijtë'ktaaytyë	2926
tjitë	2926
tjitëty	2926
tjity	2926
tjo'okëtyën	2926
tjotëty	2926
tjotmëkmo'oy	7316
tjotmëkwinkajpxë	2926
tjotmëkwinkajpxëtë	4389
tjotmëkwinkajpxëy	4389
tju'taay	2926
tju'të	8779
tju'tnë	2926
tju'ty	13168
tjutiis	7316
tjutiisëty	4389
tjuuky'atë	4389
tjuuky'äty	11705
tjuuky'ätyën	2926
tjuutë	7316
tjuutëty	11705
tjuuty	14632
tjuuy	2926
tjuuypyëtsëmëty	5852
tjuuypyëtsimy	5852
tjuuytyë	2926
tjuy	13168
tjuyä'äny	2926
tjuyën	8779
tjuyëty	4389
tjuytyë	5852
tjuytyëty	2926
tka	4389
tkä'äktë	8779
tka'atë	2926
tka'atsë'ëktë	2926
tka'atsë'ëky	2926
tka'atsëty	2926
tka'atstë	4389
tka'atsy	2926
tka'ay	5852
tka'ëk'ijxnëtë	2926
tka'ëkpatnëtë	2926
tka'ëktuunëtë	2926
tka'ëxmatsy	2926
tka'ixy	13168
tka'ixy'atë	4389
tka'tstë	5852
tka'tstëëy	2926
tka'uuky	2926
tkääptë	2926
tkaay	2926
tkaaytya'atë	2926
tkaaytyë	10242
tkajä'äjëty	2926
tkaja'akyukë	2926
tkajaty	2926
tkajawë	2926
tkajë'kxëty	2926
tkajë'kxy	8779
tkajëkyäpëty	4389
tkajëkyepy	35117
tkajpë'ëkëty	4389
tkajpë'ëky	2926
tkajpë'ky	5852
tkajpn'ata'any	2926
tkajpniwa'any	2926
tkajpx'oyëtë	2926
tkajpx'oyëtëty	2926
tkajpxëty	10242
tkajpxmujktë	2926
tkajpxmuktë	5852
tkajpxnajxy	2926
tkajpxnaxëty	2926
tkajpxnaxtë	2926
tkajpxnëtë	5852
tkajpxpaatë	4389
tkajpxpaatëty	2926
tkajpxpëtsëëmy	2926
tkajpxpëtsëmy	2926
tkajpxpo'kxa'any	8779
tkajpxpo'kxtë	7316
tkajpxpo'kxy	19021
tkajpxta'ay	2926
tkajpxtaay	4389
tkajpxtë	42433
tkajpxtë'ëy	5852
tkajpxtë'kxëty	5852
tkajpxtë'kxy	5852
tkajpxtëkoy	4389
tkajpxtëkoyën	2926
tkajpxtëkoytyë	2926
tkajpxtëkoytyën	4389
tkajpxtën	14632
tkajpxtëty	14632
tkajpxwa'kxë	10242
tkajpxwa'kxëty	7316
tkajpxwa'kxtë	14632
tkajpxwa'kxtën	2926
tkajpxwa'kxtëty	7316
tkajpxwä'kxy	19021
tkäjpxy	95108
tkäjpxy'ajtë	13168
tkäjpxy'atë	30727
tkäjpxy'atën	4389
tkäjpxy'ätyën	2926
tkäjpxyën	54138
tkäjpxykyumëtoownajxtë	4389
tkäjpxykyumëtoownaxtë	8779
tkäjpxykyumëtoownaxy	5852
tkäjpxykyutëjtë	4389
tkäjpxykyutëjyën	2926
tkäjpxymyëmëtoy	2926
tkäjpxynyikäjxtë	2926
tkäjpxynyikäxë	4389
tkäjpxynyikäxtë	2926
tkäjpxynyikejxy	11705
tkäjpxynyikexy	8779
tkajutiis	2926
tkajutiisëty	5852
tkäjxë'ky	7316
tkäjxkojnëpë	2926
tkäjxpëtsëëmta'ay	2926
tkäjxpëtsëëmtaay	2926
tkäjxtë	19021
tkäjxwa'kxtaay	2926
tkäjxwä'kxy	4389
tkäjxwä'kxyën	2926
tkakäjpxy	7316
tkakëjxm'atë	2926
tkäkta'atë	4389
tkakuke'eky	2926
tkamay	4389
tkamëët'atë	19021
tkamëët'aty	16095
tkamëëtëty	11705
tkamëj'ixy	4389
tkamëjpëjkta'aktë	4389
tkamëjpëjktä'äky	2926
tkamëmay	10242
tkamëpaatëty	2926
tkamëpaaty	4389
tkamëpëktëty	4389
tkamëtajy	8779
tkamëtoy	4389
tkamëtoynyëm	2926
tkamëtuunpëty	5852
tkanëëmë	2926
tkanijawë	30727
tkanijawëtë	8779
tkanikäjpxy	2926
tkaninaxy	2926
tkapa'ëyowtë	2926
tkapaatë	4389
tkapaatëty	2926
tkapaaty	10242
tkapatë	2926
tkapatuny	10242
tkapaty	2926
tkapëjkë	2926
tkapëjktä'äky	2926
tkapujy	2926
tkatajy	2926
tkatony	2926
tkatsowëty	2926
tkatsu'utsy	2926
tkatukjaty	2926
tkatukwinmëtoy	2926
tkatuntë	5852
tkatuntëty	2926
tkatuny	38043
tkatunyën	5852
tkatuunk'aty	2926
tkawinaxy	4389
tkawinkutsë'ëkë	2926
tkäxa'any	7316
tkäxëty	7316
tkäxtë	17558
tkay	7316
tkayaj'oyë	2926
tkayajninaxy	2926
tkayajniwijy	2926
tkayajwë'ëmtë	11705
tkayajwë'ëmy	13168
tkayaka'any	2926
tkayëty	13168
tkaytyë	19021
tkaytyën	4389
tkaytyëty	14632
tkë'ëkap'atë	2926
tkë'ëkap'aty	2926
tkë'ëmajtsy	4389
tkë'ëmo'oy	8779
tkë'ëmooy	4389
tkë'ënixajëty	4389
tkë'ënixajtë	4389
tkë'ënixajy	13168
tkë'ëpëk'atyën	2926
tkë'ëtsuumy	5852
tkë'ëtswä'kxy	7316
tkë'ëyajknë	2926
tkë'ëyajknëtë	2926
tkë'ëyajkta'ay	5852
tkë'ëyajktë	11705
tkë'ëyäjky	17558
tkë'ëyaka'antë	2926
tkë'ëyaka'any	4389
tkë'ëyaka'anyën	5852
tkë'ëyakëty	2926
tkë'ëyaktë	20484
tkë'ëyaktëty	11705
tkë'ëyäky	27800
tkë'ëyäkyën	2926
tkë'tstaay	4389
tkë'tstaaytyë	5852
tkë'tstëëy	2926
tkë'tsy	2926
tkëëtsy	2926
tkëëyë'ktë	4389
tkëëyi'iky	4389
tkëjxmëty	2926
tkëjxmëtyën	5852
tkejxy	122909
tkënu'kxa'any	2926
tkënu'kxëty	14632
tkënu'kxta'ay	7316
tkënu'kxtaay	5852
tkënu'kxtaaytyë	2926
tkënu'kxtë	17558
tkënu'kxtëty	4389
tkënu'kxy	83402
tkënu'kxyën	10242
tkënu'kxyja'awëy	2926
tkënu'kxyjyawëtë	4389
tkëpäjnë	4389
tkëpätë	7316
tkëpätëty	20484
tkëpety	8779
tkëtä'äky	2926
tkëtakta'ay	2926
tkëwent'ata'any	2926
tkëwent'atë	19021
tkëwent'atën	14632
tkëwent'atëty	58528
tkëwent'aty	19021
tkëwent'atyën	21948
tkëwentëpëky	4389
tkëxja'atë	4389
tkëxja'ay	5852
tkëxja'ayën	2926
tkëxjaay	2926
tkëxjaayën	4389
tkëxjaaytyä'äy	2926
tkëxjaaytyääy	5852
tkëxko'ky	2926
tkëxkonëty	8779
tkëxkontëty	8779
tkëxkoontë	5852
tkëxpëjktaaytyë	2926
tkëxpëjktë	2926
tkëxpëjky	5852
tkëxpëkëty	4389
tkëxpëktë	2926
tkëxpëky	2926
tkëxtëëy	2926
tkëxtëy	4389
tkëxtsa'ayën	2926
tkëxtsumtë	2926
tkëxuytyë	4389
tkexy	121446
tkexyën	26337
tkijpxta'ay	2926
tkijpxtaay	8779
tkijpxtë	2926
tkijpxy	55601
tkijpxyën	2926
tko'ky	2926
tkoj	10242
tkoj'o'oyëtyä'äy	2926
tkoj'o'oyëtyääy	5852
tkoj'o'oyëy	2926
tkoj'oyë	16095
tkoj'oyëjä'äny	2926
tkoj'oyëtë	10242
tkoj'oyëtëty	2926
tkoja'any	11705
tkojë	2926
tkojëty	5852
tkojja'any	2926
tkojjë'ëktë	2926
tkojtaay	2926
tkojtë	20484
tkojtën	14632
tkojtëty	10242
tkojtso'ontä'äky	2926
tkojy	70234
tkojyën	26337
tkomy	4389
tkony	2926
tkoonë'ëky	8779
tkoonë'ktë	2926
tkoonë'ky	30727
tkoontä'äky	2926
tkooy	2926
tkooytyä'äy	2926
tkoy	2926
tku	2926
tku'ëkëëy	2926
tku'ijxnaxy	4389
tku'ixë	2926
tku'ixëja'any	5852
tku'o'këy	2926
tku'o'ky	2926
tku'ookë	20484
tku'ookën	7316
tku'ookëty	11705
tku'ookyën	4389
tkuja'ay	2926
tkuja'ayën	5852
tkujaaytyääy	2926
tkujatëtë	2926
tkujëpijpëtyë	2926
tkujëpijpnajxtaaytyë	2926
tkujëpipëtë	2926
tkujuuy	4389
tkujuuytya'ajëty	2926
tkujuy	8779
tkujuyëty	7316
tkukä'äkëty	7316
tkukä'äktë	7316
tkukä'äktëty	5852
tkuka'atstë	5852
tkukä'pta'atë	2926
tkuka'tstë	7316
tkukajpxë	16095
tkukajpxëja'antë	2926
tkukajpxëtë	5852
tkukajpxëtëty	2926
tkukajpxëy	24874
tkukäjxnaxy	2926
tkukäktääytyë	4389
tkuke'eky	5852
tkuke'ekyën	8779
tkukëpätëty	5852
tkukëpety	5852
tkukëtaawë'ky	2926
tkuma'ayën'atë	7316
tkuma'ayën'atëty	2926
tkumaay	2926
tkumay	4389
tkumëtoownaxtë	4389
tkumëtoownaxy	4389
tkumëtowëty	11705
tkumëtowtë	7316
tkumëtowtën	2926
tkumëtowtëty	7316
tkumëtoy	16095
tkunaxëty	5852
tkunaxtëty	8779
tkunaxy	2926
tkupëjkë	2926
tkupëjkëy	2926
tkupëjktë	13168
tkupëjky	32190
tkupëka'antë	2926
tkupëkëty	17558
tkupëktë	33653
tkupëktën	2926
tkupëktëty	4389
tkupëky	58528
tkupëkyën	14632
tkupujxta'atë	2926
tkupujxtaaytyë	4389
tkupujxtë	2926
tkupuxtë	2926
tkutänëtëty	5852
tkutë'kxëty	5852
tkutëëy	2926
tkutëëynyajxtë	5852
tkutëëynyäjxy	2926
tkutëkë	8779
tkutëkëty	7316
tkutëkoytyë	2926
tkutijë	4389
tkutijëja'anëty	2926
tkutijëy	4389
tkutijnajxtë	2926
tkutuntëty	2926
tkuuy'ëw	4389
tkuuy'ëwtë	2926
tkuuy'iyën	2926
tkuuynyëjkxtë	2926
tkuuytyuna'any	2926
tkuuytyunëty	8779
tkuuytyuntë	13168
tkuuytyuntën	2926
tkuuytyuntëty	2926
tkuuytyuny	16095
tkuuytyuunta'ay	4389
tkuuytyuuntë	2926
tkuwa'ana'any	2926
tkuwa'antëty	4389
tkuwa'any	7316
tkuwa'anyën	2926
tkuyakëty	2926
tkuyäky	4389
tkuyu'utsëty	4389
tkuyu'utstëty	4389
tma'ay	4389
tmä'kxëty	4389
tmä'kxta'ay	2926
tma'kxtë	2926
tmä'kxy	5852
tmä'kxyën	2926
tmä'tsta'atë	8779
tmä'tstaay	4389
tmaank'aty	2926
tmäätstë	8779
tmäätstën	4389
tmäätstëty	2926
tmaaywyatstë	5852
tmajts'itëtyën	4389
tmajts'ity	13168
tmajtsë	4389
tmajtsmujkta'ay	2926
tmajtsta'tsy	2926
tmajtstaay	2926
tmajtstë	40969
tmajtstu'uty	4389
tmajtsy	13168
tmatsa'antë	2926
tmatsa'any	4389
tmatsa'anyën	2926
tmatsëty	10242
tmatstë	30727
tmatstën	4389
tmatstëty	8779
tmatsy	36580
tmatsyën	4389
tmay	8779
tmaytsyoky	2926
tmaytyë	4389
tmë	5852
tme'kxy	7316
tmeenymyooytyë	2926
tmëët	2926
tmëët'ajnë	20484
tmëët'ajtë	14632
tmëët'ajty	23411
tmëët'ajtyën	2926
tmëët'ata'antë	14632
tmëët'ata'any	17558
tmëët'atë	150710
tmëët'atën	70234
tmëët'atënëm	5852
tmëët'atëty	86329
tmëët'atëtyën	4389
tmëët'aty	127299
tmëët'atyën	87792
tmëët'atynyëm	5852
tmëët'atynyëmën	5852
tmëët'uuky	2926
tmëëtëty	263377
tmëëtëtyë	2926
tmëëtëtyën	98035
tmëëtkay	5852
tmëëtko'knaay	2926
tmëëtko'knaayë	2926
tmëëtko'knë	7316
tmëëtko'knëty	5852
tmëëtmëtya'aka'any	4389
tmëëtmëtyä'äky	5852
tmëëtmëtyaktë	2926
tmëëtsëënë	10242
tmëëtsëënëja'any	7316
tmëëtsëënënëm	4389
tmëëtsëënëty	7316
tmeetsy	8779
tmeetsyën	13168
tmëëttsëënë	4389
tmëëttsëënëtënëm	2926
tmëj	5852
tmëj'ijxtë	2926
tmëj'ijxy	2926
tmëj'ix	4389
tmëj'ixtë	2926
tmëj'ixtën	2926
tmëj'ixy	10242
tmëja'ajtë	7316
tmëja'ajty	2926
tmëja'awëtyë	5852
tmëja'tën	2926
tmëja'tëty	4389
tmëja'ty	2926
tmëja'tyën	4389
tmëjat	2926
tmëjatë	4389
tmëjatëty	2926
tmëjaty	8779
tmëjë'ë	2926
tmëjëkämkä'äktë	2926
tmëjëkämkeky	2926
tmëjëty	5852
tmëjja'aw	16095
tmëjja'awëtyë	5852
tmëjja'awëy	2926
tmëjjaw	33653
tmëjjawë	4389
tmëjjawëja'antë	5852
tmëjjawëja'any	4389
tmëjjawëtë	10242
tmëjjawëtën	4389
tmëjjawëtëty	7316
tmëjoktëty	2926
tmëjpëjkta'akëty	7316
tmëjpëjkta'aktë	27800
tmëjpëjkta'aktën	4389
tmëjpëjkta'aktëty	2926
tmëjpëjktä'äky	38043
tmëjpëjktä'äkyën	5852
tmëjpëjktaktë	2926
tmëjpëjktäky	7316
tmëjuy	4389
tmëjuyën	2926
tmëjuytyë	4389
tmëjuytyëty	4389
tmëjwa'kpätën	2926
tmëjwa'kpety	5852
tmëjwooy	7316
tmëjwoy	5852
tmëjyaxëy	4389
tmëkajpxa'any	2926
tmëkajpxëty	2926
tmëkajpxkojnëpë	2926
tmëkajpxmujkta'ay	11705
tmëkajpxmujktaay	14632
tmëkajpxmujky	14632
tmëkajpxmuktë	2926
tmëkajpxmuky	7316
tmëkajpxta'ay	2926
tmëkajpxtaay	5852
tmëkajpxtë	30727
tmëkajpxtëkoy	4389
tmëkajpxtëty	5852
tmëkäjpxy	321906
tmëkäjpxyën	10242
tmëke'eky	2926
tmëkëpety	2926
tmëkjawë	11705
tmëkjawëtë	4389
tmëktuny	2926
tmëku'uk'atë	2926
tmëku'ukjawë	5852
tmëmaay	5852
tmëmay	108277
tmëmëta'aka'antë	5852
tmëmëta'akëty	2926
tmëmëta'aktë	11705
tmëmëta'aktën	2926
tmëmëtä'äky	19021
tmëmëtä'äkyën	5852
tmëmëtakta'ajëty	5852
tmëmëtakta'ay	4389
tmëmëtaktaay	2926
tmëmëtaktë	2926
tmëmëtäky	4389
tmëmëtoowtë	10242
tmëmëtooy	4389
tmëmëtowa'antë	4389
tmëmëtowtë	17558
tmëmëtowtën	13168
tmëmëtowtëty	13168
tmëmëtoy	7316
tmëmëtoyën	4389
tmëmiin'ëtë'ëtstë	2926
tmëmiinta'atë	2926
tmëmiintë	10242
tmëmiiny	8779
tmëminëty	19021
tmëmintë	38043
tmëmintën	16095
tmëmintëty	16095
tmëminy	21948
tmëminyën	4389
tmëmony	4389
tmënajxy	2926
tmënax	8779
tmënaxëtyën	2926
tmënaxy	11705
tmëneeny	4389
tmënëjkx	4389
tmënëjkxa'antë	7316
tmënëjkxa'any	4389
tmënëjkxëty	43896
tmënëjkxnë	2926
tmënëjkxta'atë	14632
tmënëjkxta'ay	20484
tmënëjkxtaay	2926
tmënëjkxtaaytyë	2926
tmënëjkxtë	89255
tmënëjkxtën	5852
tmënëjkxtëty	17558
tmënëjkxy	68770
tmënëjkxyën	2926
tmënpëjktsoy	2926
tmënu'kxta'aktë	2926
tmënu'kxtä'äky	14632
tmënu'kxtaktë	2926
tmënu'kxtäky	19021
tmëpa'tëkë	2926
tmëpaatëty	2926
tmëpaaty	4389
tmëpaty	5852
tmëpëjktë	27800
tmëpëjktsoowtë	13168
tmëpëjktsooy	13168
tmëpëjktsowtë	2926
tmëpëjktsowtëty	2926
tmëpëjktsoy	5852
tmëpëjky	2926
tmëpëk	2926
tmëpëka'antë	2926
tmëpëkëty	7316
tmëpëktë	52675
tmëpëktën	33653
tmëpëktëty	30727
tmëpëky	45359
tmëpëkyën	8779
tmëpëtsëmyën	2926
tmëpokytyuntë	2926
tmëtajëty	5852
tmëtajtë	24874
tmëtajtën	5852
tmëtajtëty	8779
tmëtajy	55601
tmëtajyën	7316
tmëtëkë	16095
tmëtëkëtë	7316
tmëtëkëtën	2926
tmëtëkoy	7316
tmëtëkoytyë	7316
tmëtëkoytyën	2926
tmëtoow'ijtë	2926
tmëtoow'ita'antë	10242
tmëtoow'ita'any	4389
tmëtoow'itë	20484
tmëtoow'itën	4389
tmëtoow'itëty	5852
tmëtoow'ity	32190
tmëtoowë	4389
tmëtoowkujkëtyë	2926
tmëtoowkukë	20484
tmëtoowkukëtë	4389
tmëtoowkukëtëty	2926
tmëtoowpaatëty	5852
tmëtoowpaaty	4389
tmëtoowpatë	2926
tmëtoowpaty	13168
tmëtoowta'atë	4389
tmëtoowta'ay	2926
tmëtoowtë	122909
tmëtooy	115593
tmëtooyën	2926
tmëtowa'antë	4389
tmëtowëty	11705
tmëtowtë	55601
tmëtowtën	11705
tmëtowtëty	11705
tmëtoy	87792
tmëtoy'äjty	5852
tmëtoy'atë	2926
tmëtoy'äty	5852
tmëtoyën	11705
tmëtsip'atën	2926
tmëtsip'aty	5852
tmëtsipëktë	2926
tmëtsiptso'onë	2926
tmëtsiptsoonëty	5852
tmëtsiptsoontë	5852
tmëtsiptsoontëty	2926
tmëtsiptsoony	8779
tmëtsiptsoonyën	2926
tmëtso'onta'atë	2926
tmëtso'ontë	17558
tmëtsoontë	4389
tmëtsoontën	2926
tmëtsoony	2926
tmëtsujkëtyë	2926
tmëtsyowëty	5852
tmëtuky	4389
tmëtuna'any	2926
tmëtunëty	10242
tmëtuntë	33653
tmëtuntën	8779
tmëtuntëty	13168
tmëtuntëtyën	2926
tmëtuny	21948
tmëtunyën	10242
tmëtuunpë	2926
tmëtuuntë	4389
tmëtuuntën	2926
tmëtuuny	5852
tmëtuunyën	2926
tmëtya'aktë	2926
tmëtya'aktën	2926
tmëtyä'äky	11705
tmëtyä'äkyën	5852
tmëtyoowta'atë	2926
tmëtyooy	4389
tmëtyowtë	4389
tmëtyoyën	2926
tmëwaantä'äky	5852
tmëwë'ëmëty	7316
tmëwë'ëmta'ay	4389
tmëwë'ëmtë	8779
tmëwë'ëmtëty	2926
tmëwë'ëmy	17558
tmëwë'ëmyën	2926
tmëwinkonëty	2926
tmëwinkontë	2926
tmëwinkontëty	7316
tmëwinkony	13168
tmëwinkoontë	13168
tmëwinkoony	26337
tmëwinma'anypyaatë	2926
tmëwinpitë	2926
tmëyä'äxy	2926
tmëyujtën	2926
tmintë	4389
tminy	16095
tmo'oja'anëty	2926
tmo'oja'antë	7316
tmo'oja'any	23411
tmo'ojëty	35117
tmo'ojëtyën	2926
tmo'otë	45359
tmo'otën	8779
tmo'otëty	24874
tmo'oy	174121
tmo'oyën	21948
tmooy	125836
tmooyën	2926
tmooynyë	4389
tmooytyä'äy	13168
tmooytyääy	11705
tmooytyääytyë	5852
tmooytyë	32190
tmu'uxy	8779
tmutskëty	10242
tna'ëwtijtë	2926
tna'owtitë	5852
tnajts'ëyowë	2926
tnajtskajpxë	2926
tnajtskäjxëtyä'äy	2926
tnajtskäjxëy	2926
tnajtskäxë	8779
tnajtsmajtsëy	5852
tnajtsmatsë	20484
tnajtsmatsën	4389
tnajtsmatsëtë	2926
tnajtsmatsëty	4389
tnajtspatëtyë	5852
tnajtspatëy	7316
tnajtsti'pxë	2926
tnajtstijë	14632
tnajtstijëy	7316
tnajtstunën	4389
tnakeemy	2926
tnamo'otë	2926
tnamo'oy	5852
tnani	2926
tnapëjky	2926
tnapotstë	2926
tnatsujk'ëwtijtë	4389
tnatunëty	2926
tnaxtë	2926
tnaxy	5852
tnayajninaxa'any	2926
tnayäky	2926
tnaye'ey	4389
tnëëx'aty	2926
tnëëx'atyën	2926
tnëjkxta'atë	4389
tnëjkxtë	8779
tnëjkxy	4389
tnëkä'pta'ay	4389
tnëkëjxm'aty	4389
tnëpujxë	2926
tnëtsujktaayë	2926
tnëtsujktaayëty	2926
tnëxi'ik	13168
tnëxi'iky	8779
tni	33653
tni'ëënëja'antë	7316
tni'ëënëtë	2926
tni'ënä'ämë	143394
tni'ënä'ämën	136078
tni'ënä'ämëtë	8779
tni'ënä'ämëtën	4389
tni'ënä'ämëtëty	2926
tni'ënä'ämëty	16095
tni'ënä'ämëtyë	2926
tni'ënä'ämëy	16095
tni'ënä'ämëyën	2926
tni'ëyë'ktë	2926
tni'ipy	4389
tni'o'ktu'utyën	2926
tnija'awëtë	4389
tnija'awëtya'atë	13168
tnija'awëtyä'äy	4389
tnija'awëtyääytyë	5852
tnija'awëtyë	83402
tnija'awëy	128762
tnija'ty	4389
tnijawë	158026
tnijawë'atën	2926
tnijawë'atëty	2926
tnijawë'aty	2926
tnijawëja'antë	8779
tnijawëja'any	7316
tnijawën	16095
tnijawëtë	150710
tnijawëtën	36580
tnijawëtëty	16095
tnijawëty	23411
tnijawëtyën	2926
tnijayë	2926
tnijë'ë	13168
tnijë'ëy	2926
tnijëëy	10242
tnijëmëjtëtyën	5852
tnikääpa'any	2926
tnikajpx	11705
tnikajpxa'any	7316
tnikajpxë	4389
tnikajpxëty	36580
tnikajpxëy	2926
tnikajpxpäta'antë	2926
tnikajpxpätë	19021
tnikajpxpejty	2926
tnikajpxpety	13168
tnikajpxta'ay	2926
tnikajpxtaay	2926
tnikajpxtë	16095
tnikajpxtën	19021
tnikajpxtëty	13168
tnikajpxtu'uty	4389
tnikäjpxy	209238
tnikäjpxyën	127299
tnikäjpxykyäxë	4389
tnikäjpxytyunë	2926
tnikäjpxytyunëtë	4389
tnikäjxëtyääy	2926
tnikäjxëy	20484
tnikäkta'atën	2926
tnikäxë	20484
tnikäxëtë	5852
tnike'eky	7316
tnikopk'atë	13168
tnikopk'atën	5852
tnikopk'atëty	26337
tnikopk'aty	20484
tnikopk'atyën	4389
tnikoytyën	2926
tniku'ijxnaxy	2926
tnikuxajëy	2926
tnimä'kxa'any	2926
tnimä'kxë	4389
tnimay	16095
tnime'kxy	13168
tnimëtya'aka'any	2926
tnimëtya'akëty	14632
tnimëtya'aktë	42433
tnimëtya'aktën	8779
tnimëtya'aktëty	7316
tnimëtyä'äky	48285
tnimëtyä'äkyën	24874
tnimëtyakëtë	4389
tnimëtyaktaay	10242
tnimëtyaktaaytyë	2926
tnimëtyaktë	4389
tnimëtyäky	14632
tnimiintë	16095
tnimiiny	7316
tnimintë	8779
tniminy	17558
tnimon	11705
tnimony	7316
tnimoon	2926
tnimoony	2926
tninajts'ijxëy	2926
tninaxëty	2926
tninaxy	5852
tninëjkx	8779
tninëjkxëty	2926
tninëjkxkojnëtëpë	2926
tninëjkxtë	96571
tninëjkxy	96571
tninëjkxyën	4389
tnino'k	2926
tnino'këtë	2926
tnino'kta'aja'antë	2926
tnino'kta'ajëty	4389
tnino'kta'atë	4389
tnino'kta'ay	8779
tnino'ktaay	7316
tnino'ktaayëtë	2926
tnino'ktë	2926
tnino'ky	5852
tnino'okëty	14632
tnino'oktë	2926
tnino'oky	13168
tnino'okyën	4389
tnipaye'ey	24874
tnipaye'eyä'äny	2926
tnipaye'eyën	4389
tnipaye'eyëty	7316
tnipaye'eytyë	14632
tnipaye'eytyëty	4389
tnipe'eny	5852
tnipëjkpäjtë	2926
tnipëjkpätë	4389
tnipëjkpety	5852
tnipëjktaakë	21948
tnipëjktaakën	11705
tnipëjktaakëtë	13168
tnipëjktaakëtën	4389
tnipëjktaakëty	4389
tnipëjktakëtyë	2926
tnipëjktakëy	13168
tnipëtë'ëkëty	2926
tnipëtë'ëktë	13168
tnipëtë'ëktëty	7316
tnipëtë'ëky	24874
tnipëtë'ktë	10242
tnipëtë'ky	2926
tnipëtsëëmy	2926
tnipëtsëmy	2926
tnitajë	8779
tnitajën	4389
tnitajëtë	8779
tnitajëtën	2926
tnitänë	4389
tnitänën	99498
tnitänëtën	14632
tnitëjkëtyë	14632
tnitëjkëy	13168
tnitëkë	23411
tnitëkëja'antë	23411
tnitëkëja'any	14632
tnitëkëja'anyën	2926
tnitëkën	4389
tnitëkëtë	38043
tnitëkëtën	7316
tnitëkëtëty	16095
tnitëkëty	8779
tnitsiptunëty	2926
tnitsiptuny	8779
tnitsiptunyën	5852
tnitsiptuuny	2926
tnitso'ontë	16095
tnitso'ony	7316
tnitsoona'antë	2926
tnitsoontë	8779
tnitsoontëty	2926
tnitsoony	8779
tnitujktë	2926
tnitujky	2926
tnituktë	5852
tnituky	7316
tnitunën	5852
tniwa'aktë	14632
tniwa'aktën	5852
tniwa'aktëty	2926
tniwa'akwinpijty	2926
tniwä'äky	13168
tniwä'äkyën	2926
tniwa'këtë	4389
tniwa'këtyë	2926
tniwa'kta'atë	7316
tniwa'kta'ay	2926
tniwa'ktaay	4389
tniwa'ktaaytyë	5852
tniwa'ktë	2926
tniwä'ky	4389
tniwaantu'uty	2926
tniwë'ëny	4389
tniwëëny	2926
tniwinpijtë	5852
tniwinpitë	4389
tniwintsën'atëty	24874
tniwintsën'atyën	2926
tnixajëy	2926
tnixëëw	7316
tnixëëw'atyën	4389
tnixëëwëtyën	2926
tnixëëwtuna'antë	2926
tnixëëwtuntë	14632
tnixëëwtuntën	13168
tnixëëwtuntëty	4389
tnixëëwtuny	5852
tnixëëwtuuntë	2926
tnixëëwtuuny	2926
tniya'axtë	11705
tniyä'äxy	5852
tniyaxtë	8779
tniye'eyë	2926
tno'ky	2926
tno'okëty	4389
tno'oktë	10242
tno'oktën	4389
tnujkë'ëkyën	2926
to'kpë	10242
to'kpën	4389
To'kta'a	2926
to'ktëp	5852
to'ktëpën	5852
to'onën	4389
to'ox	2926
to'oxy	29264
to'oxy'ëna'k	114130
to'oxy'ëna'këty	64381
to'oxy'ëna'kpë	2926
to'oxyën	4389
to'oxyëtypë	4389
to'oxypyë	21948
to'oxytyëjk	1208611
to'oxytyëjk'atëty	17558
to'oxytyëjk'aty	5852
to'oxytyëjk'atyën	4389
to'oxytyëjkën	68770
to'oxytyëjkëty	174121
to'oxytyëjkëtyën	4389
to'oxytyëjkpë	143394
to'oxytyëjktëjk	19021
to'oxytyëjktëjkëty	40969
to'oxytyëjktëjkëtyën	4389
Toa	2926
tob	2926
Tob	2926
Tobías	27800
Tofet	11705
togarmá	2926
Togarmá	2926
Toi	5852
tojkx	36580
tojkxjoty	2926
tojkxnëë	5852
tok	5852
Tolá	10242
Tomás	19021
tominkë	2926
Tominkë	2926
tonëty	19021
tontë	7316
tontëty	7316
tony	11705
tonyën	10242
tooka'any	2926
tookëty	10242
tooktë	14632
tooky	33653
tookyën	10242
toonë	5852
toonp	4389
toonpë	5852
toontëpëty	2926
toony	5852
toopy	5852
toopyëm	5852
toopyën	8779
toyë	2926
tpa'atwa'akëtë	5852
tpa'atwa'akëtëty	2926
tpa'ëyooy	7316
tpa'ëyowa'antë	2926
tpa'ëyowa'any	4389
tpa'ëyowëty	4389
tpa'ëyoy	21948
tpa'ëyoyën	5852
tpa'ix	2926
tpa'ixy	2926
tpaat	2926
tpaata'antë	17558
tpaata'any	21948
tpaata'anyën	2926
tpaatë	87792
tpaatën	14632
tpaatëty	213628
tpaatëtyën	8779
tpaaty	324832
tpaatyën	58528
tpaatynyëm	10242
tpaatynyëmën	2926
tpaja'ajtë	11705
tpaja'ajty	5852
tpaja'të	4389
tpajëtijtä'äky	2926
tpajëtijtäky	2926
tpajëtitë	7316
tpajëtity	4389
tpakäpy	2926
tpamay	2926
tpaminyën	2926
tpanëjkxnëtë	2926
tpanëjkxtë	29264
tpanëjkxtëjkënëtë	2926
tpanëjkxtëjkënyëtë	7316
tpanëjkxtëjkëtyë	2926
tpanëjkxtëkë	7316
tpanëjkxtëkëtë	17558
tpanëjkxtëkëty	2926
tpanëjkxtën	2926
tpanëjkxtëty	7316
tpanëjkxy	27800
tpanëjkxyën	2926
tpanëkxtë	2926
tpäntë	2926
tpapëky	2926
tpapo'otë	2926
tpapo'otëty	2926
tpapo'oy	2926
tpata'antë	2926
tpata'atë	8779
tpata'atëty	4389
tpata'ay	2926
tpatë	86329
tpatëjkëtyë	2926
tpatëjkëy	2926
tpatnë	36580
tpatnën	2926
tpatnëtë	2926
tpatoy	2926
tpatpë	2926
tpatsëmëty	2926
tpatsëmyën	5852
tpatso'onta'aktë	2926
tpatso'ontaaytyë	2926
tpatso'ontäky	4389
tpatso'ontë	14632
tpatso'ony	20484
tpatsoontë	10242
tpatsoony	8779
tpatun	2926
tpatuna'antë	5852
tpatuna'any	4389
tpatunëtyën	2926
tpatuntë	43896
tpatuntën	5852
tpatuntëty	21948
tpatuntëtyën	2926
tpatuny	61454
tpatunyën	4389
tpatuunëtë	2926
tpatuuntë	14632
tpatuuny	7316
tpaty	100961
tpatyën	4389
tpawoony	2926
tpawoy	2926
tpaxajë'ëkëty	4389
tpäxëty	2926
tpäxtën	2926
tpaye'ey	27800
tpaye'eyä'äny	10242
tpaye'eyä'änyën	4389
tpaye'eyën	2926
tpaye'eyëty	8779
tpaye'eytyä'äy	4389
tpaye'eytyë	2926
tpaye'eytyëty	5852
tpëjk'apëtsëëmta'atë	2926
tpëjk'ity	2926
tpëjkë	19021
tpëjkë'ëk	4389
tpëjkë'ëkëty	16095
tpëjkë'ëktë	4389
tpëjkë'ëktën	2926
tpëjkë'ëky	20484
tpëjkë'ëkyën	5852
tpëjkë'ky	16095
tpëjkën	11705
tpëjkëtë	10242
tpëjkëtën	7316
tpëjkëty	7316
tpëjkëtya'aja'any	2926
tpëjkëtya'atë	4389
tpëjkëtya'atëty	2926
tpëjkëtyä'äy	4389
tpëjkëtyääytyë	5852
tpëjkëy	4389
tpëjkmujkta'ay	4389
tpëjkmujktaay	2926
tpëjkmujktaaytyë	5852
tpëjkmujktë	8779
tpëjkmuktë	4389
tpëjkmuky	4389
tpëjkmukyën	2926
tpëjknë	2926
tpëjknëtë	4389
tpëjkta'aka'antë	2926
tpëjkta'aka'any	14632
tpëjkta'akëty	36580
tpëjkta'akëtyën	2926
tpëjkta'aktë	87792
tpëjkta'aktën	10242
tpëjkta'aktëty	17558
tpëjktä'äky	261914
tpëjktä'äkyën	30727
tpëjktaaytyë	5852
tpëjktakë	7316
tpëjktakëtë	5852
tpëjktakëtëty	5852
tpëjktakëyë	2926
tpëjktaknë	4389
tpëjktaknëtë	5852
tpëjktakta'atë	5852
tpëjktaktaay	13168
tpëjktaktaaytyë	4389
tpëjktaktë	38043
tpëjktäky	103887
tpëjktäkyën	4389
tpëjktë	5852
tpëjktsoowtë	4389
tpëjktsooy	5852
tpëjktsowtëty	2926
tpëjktsoy	7316
tpëjktsoyën	4389
tpëjkwa'kxëty	2926
tpëjkwa'kxtë	7316
tpëjky	11705
tpëka'any	7316
tpëkëty	17558
tpëktë	21948
tpëktën	5852
tpëktënëm	5852
tpëktëty	13168
tpëky	42433
tpëkyën	5852
tpëkyëtyën	2926
tpënëty	14632
tpeny	7316
tpëtsëmtë	5852
tpi'ixy	2926
tpiiwmujktë	4389
tpiky	2926
tpo'kxtë	4389
tpo'kxtëty	2926
tpojky	2926
tpojts'o'oyëy	2926
tpokëty	2926
tpokmyä'kxëty	2926
tpoktë	5852
tpoky	8779
tpoky'äty	4389
tpokyën	5852
tpokymyä'kxa'any	2926
tpokymye'kxy	4389
tpotsëty	2926
tpu'utaaytyë	2926
tpujë	5852
tpujëty	24874
tpujta'atë	2926
tpujtë	5852
tpujtëty	4389
tpujxtë	2926
tpujxy	2926
tpujy	19021
tputëjkëtyë	5852
tputëjkëy	5852
tputëkë	24874
tputëkëja'antë	4389
tputëkëja'any	2926
tputëkën	4389
tputëkëtë	17558
tputëkëtëty	13168
tputëkëty	8779
tpuwa'akëtë	11705
tpuwa'akëtën	4389
tpuwa'akëtëty	4389
tpuwa'akëty	2926
tpuwa'këtyë	7316
tpuwa'ktu'uty	5852
tpuwa'ktutë	2926
tpuwa'ktutnëtë	4389
tpuxtë	5852
tpuyaktë	2926
Tróade	2926
Troas	5852
Trofimo	2926
tsa'a	4389
tsa'am	11705
tsa'amën	4389
tsa'anë'ëky	2926
tsä'änë'ky	4389
tsa'any	106814
tsa'anyën	16095
tsa'anyëty	8779
tsa'ay	14632
tsa'ayajtën	2926
tsa'ayën	17558
tsaa	395066
tsaa'u'unk	5852
tsaajën	65844
tsaajotm	5852
tsaajoty	39506
tsaajotypë	2926
tsaajutën	2926
tsaajutjoty	14632
tsaakäätswiiny	2926
tsaakëjxm	17558
tsaakëjxy	14632
tsaakopk	11705
tsaakopkën	2926
tsaamë'kpën	2926
tsaamëxan	7316
tsaanipiy	7316
tsaapotsy	17558
tsääpy	4389
tsääpyën	5852
tsaatsëëmpë	2926
tsaatsetsy	43896
tsaatsetsyën	10242
tsaatsy	8779
tsaatsyëty	2926
tsaatsypë	14632
tsaatsytyu'unën	2926
tsaatun	16095
tsaatunën	5852
tsaatunkëjxm	8779
tsaatunkëjxy	2926
tsaaty	2926
tsaatyuntë	2926
tsaawääpy	4389
tsaawëjëtu'un	2926
tsaawëtu'un	5852
tsaay	19021
tsajp	239966
tsajp'itkujkm	2926
tsajp'o'pykyën	2926
tsajpaxën	2926
tsajpën	13168
tsajpjotm	352633
tsajpjotmë	2926
tsajpjotmën	16095
tsajpjotmëpë	143394
tsajpjotmëtë	380434
tsajpjoty	2926
tsajpkaa	558946
tsajpkaa'u'unk	4389
tsajpkaajën	67307
tsajpkaajëty	19021
tsajpkääktyë'ëts	2926
tsajpkaakukë'ë	8779
tsajpkääky	396529
tsajpkääkyën	8779
tsajpkaani'kx	4389
tsajpkaani'kxën	2926
tsajpkaani'kxpë	2926
tsajpkaatënaaytyakn	5852
tsajpkaato'oxy	24874
tsajpkaato'oxyëty	2926
tsajpkaawaj	26337
tsajpkaayä'äy	48285
tsajpkäjpxy	8779
tsajpkäpny	2926
tsajpkäpyny	5852
tsajpkäpynyjoty	2926
tsajpkëjxm	68770
tsajpkëjxmëpë	10242
tsajpkëjxy	2926
tsajpkëk	2926
tsajpkëkjoty	4389
tsajpmok	291178
tsajpmokääky	2926
tsajpmokam	4389
tsajpmokën	19021
tsajpmokjëtsy	13168
tsajpmokpajk	35117
tsajpmoktë'ëts	10242
tsajpmokway	58528
tsajpmokyonën	4389
tsajpmookjëtsy	8779
tsajpmookway	2926
tsajppax	279473
tsajppax'ak	4389
tsajppaxën	5852
tsajppaxëty	17558
tsajppaxwaj	5852
tsajptëjk	427257
tsajptëjk'aaw	16095
tsajptëjk'aawën	4389
tsajptëjk'ëkë'ëm	16095
tsajptëjkën	258988
tsajptëjkënë	2926
tsajptëjkpa'a	2926
tsajptëjkpa'ajën	2926
tsajptëjktuunk	5852
tsajptëjkwiin	5852
tsajptëjkwintuuy	2926
tsajptëkotën	4389
tsajptëkotm	39506
tsajptëkoty	329222
tsajptëkotyën	4389
tsajptëkotyëtë	114130
tsajptëkotypë	2926
tsajpwinm	64381
tsajpwinmpaat	2926
tsäjtspë	13168
tsäjtspën	4389
tsäk	4389
tsapts	87792
tsaptsëm	4389
tsaptsën	5852
Tsaptsmejy	14632
Tsaptsmejyën	11705
tsaptspë	14632
tsaptspiity	2926
tsaptspujxn	4389
tsaptswit	23411
tsatptspë	2926
tsätsëty	2926
tsatsym	67307
tsatsym'aats	2926
tsatsymkyam	52675
tsatsymnyëëjën	4389
tsatsymtsya'am	21948
tsatsymyon	2926
tsatym	335075
tsatymkyam	2926
tsatymtsya'am	2926
tsatymtyëëm	13168
tsë'ëkë	169732
tsë'ëkën	4389
tsë'ëkëtë	17558
tsë'ëkëtën	2926
tsë'kën	5852
tsë'këp	14632
tsë'këpës	8779
tsë'këtëp	13168
tsë'këtya'ajantëp	2926
tsë'këtyëp	10242
tsëëmë'ëky	4389
Tsëënëjaanpës	2926
tseeny	4389
tsëmy	35117
tsëmymyëët	2926
tsëna'ayën	10242
tsënääpyë	86329
tsënääpyën	29264
tsënaay	7316
tsënaayën	2926
tsënaaytyakn	23411
tsënaaytyaknpëjktën	4389
tsënaaytyaknpëktëp	7316
tsënaaytyë	4389
tsënaaytyën	8779
tsënaaytyëp	17558
tsënaaytyëpën	329222
tsëpa'an	77550
tsëpa'an'ajtp	8779
tsëpa'anën	8779
tsetsy	2926
tsetsyën	2926
tsetsypë	4389
tsëtyu'un	36580
tsëtyu'unmëët	58528
tsëtyu'unmëëtës	2926
tsëtyuntë	4389
tsëtyut	10242
tsëtyutën	4389
tsëtyutja'ay	4389
tsëtyuumpës	2926
Tsëtyuunëtëp	2926
tsëtyuuytyëp	5852
Tsëtyuy	2926
tsëtyuyë	2926
Tsëyuupyës	4389
tsëyuuypyë	4389
tsi'iw	8779
tsi'tsk	19021
tsi'tsknëë	30727
tsi'tspnëmën	4389
tsi'tstëpnëm	4389
tsiiktë	2926
tsiin	19021
tsiinën	4389
tsiipë	4389
tsiiyë	2926
tsiiyën	4389
tsijtk	5852
tsijtkën	4389
tsijtkjoty	4389
tsik	4389
tsim	124372
tsimën	17558
tsimjaty	8779
tsimjatypë	2926
tsimpë	7316
tsip	481396
tsip'ixëtyën	13168
tsip'ixëtypë	2926
tsip'ixy	19021
tsip'ixyën	5852
tsip'ixyëtyën	24874
tsip'ixypyë	2926
tsipë	11705
tsipën	20484
tsipës	7316
tsipëty	2926
tsipëtyën	2926
tsipëtypë	10242
tsipjotm	87792
tsipjotmë	2926
tsipjoty	68770
tsipkajpxën	7316
tsipkyëjxm	7316
tsiptakp	2926
tsiptu'un	5852
tsiptu'unk	2926
tsiptunaanp	8779
tsiptunaanpën	2926
tsiptunantëp	2926
tsiptunantëpën	7316
tsiptuntë	4389
tsiptuump	10242
tsiptuun	4389
tsiptuunk	8779
tsiptuunpë	506270
tsiptuunpë'atantëpën	2926
tsiptuunpëja'aytyëjk	2926
tsiptuunpën	8779
tsiptuunpëtëjk	146320
tsiptuunpëtëjkën	2926
tsiptuunpëtëjkëty	198996
tsiptuunpëtëjkëtyën	33653
tsiptuunpëty	8779
tsiptuuntën	4389
tsiptuuntëp	7316
tsiptuuntëpën	32190
tso'ok	4389
tso'okaanp	4389
tso'okëpës	2926
tso'oky	2926
tso'omp	2926
Tso'omp	2926
tso'ompën	2926
tso'onë	2926
tso'onën	7316
tso'onk	2926
tso'onpën	171195
tso'onta'ajantëp	2926
tso'ontä'äky	10242
tso'onta'atë	4389
tso'ontakp	7316
tso'ontakpën	8779
tso'ontën	13168
tso'ontëpën	133152
tsojk	415551
tsojk'am	11705
tsojk'ëxmatsëty	4389
tsojkën	137541
tsojkën'ajty	2926
tsojkën'atë	16095
tsojkën'atën	2926
tsojkën'atëty	4389
tsojkën'aty	20484
tsojkën'atyën	5852
tsojkënë	2926
tsojkënkyëjxm	11705
tsojkëp	13168
tsojkëpën	8779
tsojkës	30727
tsojkëtë	2926
tsojkëtëp	2926
tsojkëtëpën	2926
tsojkëyëpën	2926
tsojkp	13168
tsojky	7316
tsojkyë	30727
tsok	7316
Tsok	17558
tsoka'any	2926
tsokanëp	2926
tsokën	2926
tsokëty	4389
tsoknëp	2926
tsokp	5852
tsoktakn	49749
tsoktakn'ajtp	4389
tsoktaknën	13168
tsoktë	36580
tsoktën	14632
tsoktëp	7316
tsoktëty	4389
tsoky	81939
tsokyën	90719
tsokyëty	2926
tsoonaanp	4389
tsoonaanpën	2926
tsoontë	7316
tsoony	5852
tsoowpaatyën	2926
tsoowpaatyëtyën	5852
tsoowpatp	29264
tsoowpatpën	10242
tsooy	71697
tsooyën	2926
tsooyëpëtëjk	2926
tsooymyëëtën	8779
tsooymyëëtpë	4389
tsow	14632
tsowën	11705
tsowëty	5852
tsowëtyën	23411
tsowëtypë	10242
tsowpë	13168
tsu'kxa'any	2926
tsu'kxtë	2926
tsu'kxy	17558
tsu'tsnëtë	4389
tsu'tspën	2926
tsu'tsta'atë	2926
tsu'tstë	2926
tsu'tstëpën	4389
Tsu'ujënëp	5852
tsu'ujënyëp	2926
tsu'um	89255
tsu'um'ajtën	4389
tsu'um'it	2926
tsu'umës	5852
tsu'umkujk	2926
Tsu'umkujk	2926
tsu'unk	38043
tsu'unkpë	19021
tsu'utsa'any	2926
tsu'utsaanpën	2926
tsu'utsëty	13168
tsu'utstë	21948
tsu'utstëty	20484
tsu'utsy	133152
tsu'utsyën	2926
Tsu'utsyës	2926
tsuj	207775
tsujajtën	4389
tsujën	2926
tsujës	5852
tsujëty	2926
tsujëtypë	8779
tsujkn	32190
tsujknën	8779
tsujktä'äkpyë	2926
tsujktä'äky	4389
tsujktaktë	2926
tsujkwa'kxtë	4389
tsujkwä'kxy	2926
tsujpë	71697
tsuk	8779
tsukën	4389
tsukts	7316
tsuky	8779
tsum	19021
tsumjyä'äy	19021
tsumjyä'äyëty	2926
tsumjyä'äytyëjk	11705
tsumjyä'äytyëjkëty	5852
tsumpyë	7316
tsumtë	4389
tsumy	305810
tsumyjä'äy	13168
tsunaxy	4389
tsuu	124372
tsuu'at	10242
tsuuajtën	2926
tsuuja'ay	84866
tsuuja'ayën	8779
tsuuja'ayëty	5852
tsuuja'aytyëjk	19021
tsuuja'aytyëjkën	2926
tsuuja'aytyëjkëty	2926
tsuujën	27800
tsuum	2926
tsuumtë	7316
tsuunaxy	2926
tsuupaat	7316
tsuupë	4389
tsuuwinma'any	20484
tsuuwinma'anyën	2926
tsuxk	57065
tsuxk'uky	2926
tsuxkëtypë	2926
tsuxkpë	2926
tsuxkpujxn	143394
tsuxkpujxnëmpë	4389
tsuxkpujxnën	20484
tsuxkpujxnpë	2926
tsuxktsaa	10242
tsya'a	14632
tsya'am	2926
tsya'amën	5852
tsyä'äy	5852
tsyä'äyën	5852
tsyä'äyëty	2926
tsyä'äyëtyën	5852
tsyaa	39506
tsyaajën	4389
tsyaamëxan	4389
tsyaapotsy	2926
tsyaats	13168
tsyaatsës	2926
tsyääy	10242
tsyajëty	2926
Tsyajp	2926
tsyajpaxëty	4389
tsyajpejty	4389
tsyajpety	2926
tsyajpjëën	8779
tsyajpjotmëtë	14632
tsyajpkaa	45359
tsyajpkaajëty	38043
tsyajpkääky	2926
tsyajpkaato'oxy	2926
tsyajpmok	11705
tsyajpmokëty	2926
tsyajppax	21948
tsyajppaxëty	8779
tsyajptëjk	71697
tsyajptëjk'ajtypyën	2926
tsyajptëjkën	117056
tsyajptëjkëty	2926
tsyajptëjkëtyën	7316
Tsyampaat	5852
tsyapës	2926
tsyapts	5852
tsyaptsjajy	2926
tsyätym	4389
tsyë'ë	16095
tsyë'ëjëty	4389
tsyë'ëkë	24874
tsyë'ëkëja'any	2926
tsyë'ëkën	2926
tsyë'ëkëtë	65844
tsyë'ëkëtëjkëtya'atë	2926
tsyë'ëkëtën	2926
tsyë'ëkëtëty	11705
tsyë'ëkëty	7316
tsye'ëts	2926
tsyë'ëts	5852
tsyë'ëtsa'any	2926
tsyë'ëtsëty	8779
tsyë'ëtsëtyën	2926
tsyë'kënëtë	13168
tsyë'këp	10242
tsyë'këpën	2926
tsyë'këtëp	16095
tsyë'këtya'aktë	2926
tsyë'këtya'atë	2926
tsyë'këtyääytyë	2926
tsyë'këtyaktë	4389
tsyë'këtyäky	2926
tsyë'këtyë	14632
tsyë'këtyëp	10242
tsyë'këy	7316
tsyëënë	90719
tsyëënëja'antë	2926
tsyëënëja'any	5852
tsyëënën	81939
tsyëënënëm	4389
tsyëënëtë	73160
tsyëënëtën	266304
tsyëënëtëty	19021
tsyëënëtëtyën	4389
tsyëënëty	16095
tsyënaamyujktë	2926
tsyënaay	24874
tsyënaayën	2926
tsyënaaymyuktë	5852
tsyënaaymyuktën	2926
tsyënaaynyëtë	2926
tsyënaaytyakn	13168
tsyënaaytyaknën	13168
tsyënaaytyaknëty	8779
tsyënaaytyaknëtyën	8779
tsyënaaytyaknpëjknëtë	4389
tsyënaaytyaknpëjktë	33653
tsyënaaytyaknpëjktën	8779
tsyënaaytyaknpëjky	8779
tsyënaaytyaknpëktë	51212
tsyënaaytyaknpëktën	13168
tsyënaaytyaknpëktëty	13168
tsyënaaytyaknpëky	4389
tsyënaaytyë	17558
tsyënaaytyën	10242
tsyënaaytyëpën	2926
tsyëpa'an	17558
tsyëpa'an'atëty	2926
tsyëpa'anëty	5852
tsyetsy	24874
tsyetsyën	4389
tsyëtyu'un	2926
tsyëtyu'unpaata'any	4389
tsyëtyujta'ay	2926
tsyëtyujty	4389
tsyëtyuntë	10242
tsyëtyuny	2926
tsyëtyut	23411
tsyëtyutëty	10242
tsyëtyuty	14632
tsyëtyutyën	2926
tsyëtyuuypyëjkta'atë	4389
tsyëtyuytyë	2926
tsyëyu'unpaatë	2926
tsyëyuuypyijky	7316
tsyi'itsy	8779
tsyi'itsyën	2926
tsyi'iwëty	16095
tsyi'iwtëty	4389
tsyi'iy	2926
tsyi'kpyën	2926
tsyi'tsk	2926
tsyiiwta'atën	2926
tsyiiwta'atëty	2926
tsyiiy	2926
tsyimy	2926
tsyip	81939
tsyipëty	20484
tsyipëtyën	5852
tsyippaatëty	2926
tsyippaaty	5852
tsyippaty	2926
tsyiptun	7316
tsyiptuna'antë	58528
tsyiptuna'antën	8779
tsyiptuna'any	24874
tsyiptuna'anyën	4389
tsyiptunëty	13168
tsyiptunëtyën	4389
tsyiptuntë	42433
tsyiptuntën	30727
tsyiptuntëty	30727
tsyiptuntëtyën	5852
tsyiptuny	21948
tsyiptunyën	14632
tsyiptuumpë	5852
tsyiptuunpë	61454
tsyiptuunpëja'aytyëjk	2926
tsyiptuunpëtëjk	218018
tsyiptuunpëtëjkën	2926
tsyiptuunpëtëjkëty	39506
tsyiptuunpëtëjkëtyën	5852
tsyiptuunpëty	2926
tsyiptuunta'ay	4389
tsyiptuuntë	20484
tsyiptuuntën	4389
tsyiptuuny	13168
tsyiptuunyën	8779
tsyo'oka'any	8779
tsyo'okëty	24874
tsyo'oktë	11705
tsyo'oktën	2926
tsyo'oktëty	8779
tsyo'oky	40969
tsyo'okyën	8779
tsyo'onë	71697
tsyo'onë'ëky	2926
tsyo'onë'ky	7316
tsyo'onëtë	40969
tsyo'onkojnë	4389
tsyo'onkojnëpë	2926
tsyo'onta'akëty	27800
tsyo'ontä'äky	96571
tsyo'ontä'äkyën	51212
tsyo'ontä'äkynyëm	5852
tsyo'onta'atë	7316
tsyo'onta'atëty	4389
tsyo'ontaaynyëtë	5852
tsyo'ontaaytyë	19021
tsyo'ontaknën	2926
tsyo'ontäky	21948
tsyo'ontäkyën	13168
tsyo'ontë	239966
tsyo'ontën	11705
tsyo'ony	206312
tsyo'onyën	4389
tsyojk	4389
tsyojkë	5852
tsyojkën	152173
tsyojkën'ajtëp	7316
tsyojkën'ajtëpën	23411
tsyojkën'ajtyp	13168
tsyojkën'ajtypyën	17558
tsyojkmaank	19021
tsyojknëëx	2926
tsyojkpy	103887
tsyojkpyën	95108
tsyojktëp	21948
tsyojktëpën	19021
tsyojkyp	2926
tsyokëtë	4389
tsyokëtën	2926
tsyokëtëty	4389
tsyokpy	2926
tsyokta'atë	2926
tsyoktaaytyë	4389
tsyoktë	5852
tsyoky	23411
tsyokyë	17558
tsyokyën	5852
tsyokyëty	19021
tsyona'antë	2926
tsyona'any	5852
tsyonanë	2926
tsyoona'antë	4389
tsyoona'any	26337
tsyoonanë	4389
tsyoonëty	43896
tsyoontë	143394
tsyoontën	80476
tsyoontëty	19021
tsyoony	256061
tsyoonyën	100961
tsyoowpaata'any	4389
tsyoowpaatëty	4389
tsyoowpaaty	2926
tsyoowpaatyën	20484
tsyoowtëkë	4389
tsyooy	10242
tsyooyën	2926
tsyooymyëëtëty	5852
tsyooymyëëtëtyën	58528
tsyooymyëëtyën	2926
tsyooypyëkëty	2926
tsyooypyijky	2926
tsyooypyiky	2926
tsyow	4389
tsyowë	4389
tsyowën	5852
tsyowëty	2926
tsyowpaaty	86329
tsyowpaatyën	5852
tsyowpë	8779
tsyu'tsëtë	4389
tsyu'tsta'ajëtë	4389
tsyu'tstaayëtë	2926
tsyu'tstëp	2926
tsyu'tstëpën	2926
tsyu'tsxëty	2926
tsyu'tsyp	7316
tsyu'tsypyën	2926
tsyu'typyën	4389
tsyu'u	4389
tsyu'ujënë	21948
tsyu'ujënyë	5852
tsyu'um	16095
tsyu'utsëtë	2926
tsyu'utsëtëty	5852
tsyu'utstëp	2926
tsyu'utstëty	8779
tsyu'utsy	5852
tsyu'utsyë	11705
tsyu'utyën	2926
tsyujëty	4389
tsyujëtyën	4389
tsyuky'atë	4389
tsyumyëty	2926
tsyuny	2926
tsyuu	2926
tsyuu'atë	2926
tsyuujëty	10242
tsyuunaxy	4389
tsyuuwinma'any	4389
tsyuxk	2926
tsyuxk'ityën	2926
ttony	2926
ttsoky	5852
ttuny	13168
tu	2926
tu'k	43896
tu'k'a'ukën	5852
tu'k'aaw	2926
tu'k'akujky	2926
tu'k'atsumy	5852
tu'k'atu'um	5852
tu'k'ijxmi'kxyë	2926
tu'k'it	8779
tu'k'ityë	11705
tu'k'ok	8779
tu'k'okyë	4389
tu'k'u'unk	2926
tu'kä'äxëty	5852
tu'kë'ëyë	781354
tu'kja'ayjyäty	7316
tu'kja'aytyänë	2926
tu'kjëëky	16095
tu'kjëën	14632
tu'kjëmëjt	67307
tu'kjëmëjtën	2926
tu'kjëmëjtpë	14632
tu'kkä'äx	2926
tu'kkä'äxpë	5852
tu'kkajpn	10242
tu'kkajpnjaty	4389
tu'kkajpnjoty	4389
tu'kkatsy	8779
tu'kkë'ënux	105351
tu'kkë'ëyë	5852
tu'kkëëyi'ikyëty	4389
tu'kkilë	2926
tu'kmëkä'äx	2926
tu'kmëko'px	11705
tu'kmëku'uk	10242
tu'kmëku'ukëty	2926
tu'kmëku'ukpën	2926
tu'kmënaax	2926
Tu'kmil	4389
tu'kmillon	2926
tu'kmilpë	5852
tu'kmukyë	21948
tu'knax	160953
tu'knaxajtën	5852
tu'knaxës	4389
tu'kni'kx	4389
tu'knuuky	2926
tu'kpa'a	17558
tu'kpa'ajaty	7316
tu'kpa'apë	8779
tu'kpajk	23411
tu'kpajkpë	19021
tu'kpëkpyë	20484
tu'kpëky	122909
tu'kpëkyäty	2926
tu'kpëkyjyäty	11705
tu'kpëkyjyätypë	2926
tu'kpo'o	24874
tu'kpo'opë	5852
tu'kpuxyën	4389
tu'ktëjk	7316
tu'ktëjkpë	2926
tu'ktëjkpën	5852
tu'ktëjyën	2926
tu'ktëkokyë	2926
tu'ktiempë	4389
tu'ktonyë	4389
Tu'ktonyë	5852
tu'ktsa'atsy	8779
tu'ktsajp'akëtä'äky	2926
tu'ktsim	16095
tu'ktsimjaty	2926
tu'ktsojk	2926
tu'ktsojkyë	24874
tu'ktsu'um	29264
tu'ktsuny	5852
tu'ktsunyën	7316
tu'ktsunyjyäty	2926
tu'ktsuu	5852
tu'ktsuujën	2926
tu'ktu'ts	2926
tu'ktu'u	5852
tu'kukajpn	4389
tu'kunaax	2926
tu'kwaats	2926
tu'kxajpk	59991
tu'kxajpkjaty	2926
tu'kxe'enty	7316
tu'kxe'entypë	4389
tu'kxëëw	100961
tu'kxëëwën	2926
tu'kxëëwpaaty	11705
tu'kxëëwpë	19021
tu'kxëëyë	14632
tu'kye'epy	4389
tu'pëky	4389
tu'ts	86329
tu'ts'u'unk	2926
tu'tsën	10242
tu'tsëty	4389
tu'tsjoty	26337
tu'tsnëkëjxy	2926
tu'u	294105
tu'u'aaw	4389
tu'u'aawën	5852
tu'u'aay	20484
tu'u'am	35117
tu'u'am'ajtpën	2926
tu'ujaanp	4389
tu'ujën	65844
tu'ujotm	68770
tu'ujoty	83402
tu'ujotypë	10242
tu'uk	4900289
tu'ukën	17558
tu'ukës	27800
tu'ukëty	2926
tu'ukjaty	139004
tu'ukjatypë	29264
Tu'ukmujkta'atë	2926
tu'ukmukyë	27800
Tu'ukmukyëajtën	2926
tu'ukpë	109740
tu'ukpën	7316
tu'uktu'uk	42433
tu'ukyë	715509
tu'ukyëpë	7316
tu'ukyës	7316
tu'unën	55601
tu'unën'atë	4389
tu'uwinm	24874
tu'uwinwijtsën	4389
tu'uwinwo'ow	4389
tu'uwinwoop	2926
tu'uwinwoopë	4389
tu'uwinwoowëtëp	4389
tu'uwinwowëtyën	2926
tu'uwinwoy	4389
tu'uwinye'epyë	8779
tu'uwinye'ey	4389
tu'uwinye'eyëpën	2926
tu'uwinye'eyëtëp	5852
tu'uwinye'eyëtëpën	4389
tu'uwinye'eyëty	11705
tu'uwinye'eyëtyën	2926
tu'uwitsy	7316
tu'uye'epyë	4389
tu'uye'epyën	5852
tu'uye'epyëtëjkëty	2926
tu'uye'epyëty	2926
tu'uye'eytyëpën	2926
Tubal	13168
tujk	2926
tujkën	2926
tujkpë	17558
tujkpën	5852
tujkpës	4389
tujktëp	2926
tujktëpën	5852
tujkwä'kxy	17558
tujkx	2926
tujkxy	40969
tujn	4389
tuk	270693
tuk'aaw	5852
tuk'amëtowa'any	2926
tuk'atsip'atë	2926
Tuk'ënä'äm	2926
tuk'ënä'ämëtëpën	2926
tuk'ënä'ämëty	2926
tuk'ëne'emy	52675
tuk'ëne'emyën	39506
tuk'ënëëmë	7316
tuk'ënu'kxkës	2926
tuk'ënu'kxy	4389
tuk'ënyääyëpën	4389
tuk'ëtuktë	2926
tuk'ëwa'anëkës	13168
Tuk'ëwa'anëkës	13168
Tuk'ëwa'anëtëkës	8779
tuk'ëwa'anëtyä'äy	7316
tuk'ëwa'anëtyääy	11705
tuk'ëwa'anëtyë	14632
Tuk'ëwa'anëtyëk	4389
tuk'ëwa'anëtyëkës	4389
tuk'ëwa'anëy	45359
tuk'ëwaanë	61454
tuk'ëwaanëja'antë	2926
tuk'ëwaanëja'any	4389
tuk'ëwaanën	2926
tuk'ëwaanëtë	29264
tuk'ëwaanëtëty	11705
tuk'ëwaanëty	2926
tuk'ijx	2926
tuk'ijxëtëp	2926
tuk'ijxkës	5852
Tuk'ijxkës	8779
tuk'ijxpäjtë	4389
tuk'ijxpäjtëpën	13168
tuk'ijxpät	4389
Tuk'ijxpät	4389
tuk'ijxpätë	19021
tuk'ijxpätën	4389
tuk'ijxpätëty	5852
tuk'ijxpëjktso'ony	2926
tuk'ijxpejty	10242
tuk'ijxpety	7316
tuk'ijxtaay	4389
tuk'ijxtë	2926
Tuk'ijxtëk	2926
tuk'ijxtëkës	2926
Tuk'ijxtëkës	2926
tuk'ijxy	4389
tuk'ix	8779
tuk'ixa'any	2926
tuk'ixtë	2926
tuk'ixy	14632
tuk'ojy	4389
tuk'okyë	2926
tuk'oy'ata'antë	2926
tuk'oy'atën	2926
tuk'oy'atëty	17558
tuk'oy'äty	7316
tuk'oyë	4389
tuk'oytyuntë	2926
tuk'oytyuny	5852
tuk'oytyuuny	2926
tuk'u'unyääyëpën	5852
tuk'u'unyën	2926
tuk'u'unyënëm	2926
tuka'ajëp	10242
tuka'ajëpën	8779
tuka'ajëtëpën	7316
tuka'any	5852
tuka'atsë	4389
tukajpxpätë	2926
tukajpxpätëty	4389
tukajpxpety	10242
tukë'ëtëjkëtyë	10242
tukë'ëtëjkëy	21948
tukë'ëtëkë	2926
tukë'ëtëkëtë	8779
tukë'ëyë	11705
tukëëtsë	2926
tukëpätëty	2926
tukëpety	2926
tukës	35117
tukëtakpäjta'ajëtëp	2926
tukja'ajtë	4389
tukja'ajty	4389
Tukja'amyäts	2926
tukja'të	5852
tukja'ty	19021
tukjaantyja'awëy	2926
tukjaaxtë	2926
tukjajëtyä'äy	4389
tukjatë	7316
tukjaty	8779
tukjatyën	4389
tukjë'kxy	2926
tukjëjpkëxy	2926
tukjënajkëp	2926
tukjënajkëpën	13168
tukjënäjky	2926
tukjënäky	5852
tukjëtijtëtya'atë	5852
tukjëtijtëtyääytyë	4389
tukjëtijtëy	2926
tukjëtitëtë	4389
tukjijtëtyääytyë	2926
tukjojkëtyë	2926
tukjokëtë	16095
tukjoot'anpëjktë	10242
tukjoot'anpëjky	21948
tukjoot'anpëkëty	2926
tukjoot'anpëktë	8779
tukjoot'anpëky	39506
tukjotëkooytyë	2926
tukjotkëtä'äky	7316
tukjotkëtä'äkyën	11705
tukjotkëtakëp	2926
tukjotkëtäky	4389
tukjotkujk'ajtëpën	2926
tukjotkujk'atë	4389
tukjotkujk'atëty	4389
tukjotma'atëty	2926
tukjuuky'atë	2926
tukjuuky'atën	2926
tukjuuky'atëty	2926
tukjuuky'äty	5852
tukka'apäjtëp	2926
tukka'ay	2926
tukka'ayën	2926
tukkajpxpety	2926
tukkay	4389
tukkaytyëty	4389
tukkë'ëtëjkëtyä'äy	7316
tukkëtäky	2926
tukmäxtëtsy	2926
tukmay	2926
tukmëjja'aw	2926
tukmëjjawëtë	7316
tukmëkajpxtë	2926
tukmëkäjpxy	5852
tukmëkäjxëy	7316
tukmëmëtya'ak	20484
tukmëmëtya'akëty	2926
tukmëmëtya'aktë	5852
Tukmëmëtya'aktë	5852
tukmëmëtya'aktëty	2926
tukmëmëtyä'äky	23411
tukmëmëtyakëtëp	2926
tukmëmëtyakta'ay	10242
tukmëmëtyaktaay	29264
tukmëmëtyaktaaytyë	13168
tukmëmëtyaktë	26337
Tukmëmëtyaktëk	2926
Tukmëmëtyaktëkës	7316
tukmëmëtyäky	29264
tukmëtä'äky	4389
tukmëto'kën	4389
tukmëtoowtë	2926
Tukmëtow	2926
tukmëtowa'any	2926
tukmëtoy	8779
tukmëwë'ëmëty	2926
tukmëwë'ëmy	4389
tukmëyakëty	5852
tukmëyoxtë	4389
tukmëyoxy	2926
tukmëyoxyën	2926
tukmoxmëtijëy	2926
tukmuktë	8779
tukmuktëty	2926
tuknaaxmëtijë	2926
tuknajxta'atë	5852
tuknajxta'ay	4389
tuknajxtaaynyë	2926
tuknajxtaaytyë	2926
tuknajxtë	21948
tuknajxy	2926
tuknaxtë	13168
tuknaxtëty	2926
tuknaxy	13168
tuknaxyën	2926
tuknëjkxtë	2926
tukni	62918
tukni'oytyunën	2926
tuknija'amyäjtsëtë	4389
Tuknija'amyäjtsëtëkës	7316
tuknija'amyätsëtë	4389
tuknija'awëkës	5852
tuknija'awëtyä'äy	2926
tuknija'awëtyë	2926
tuknija'awëy	8779
tuknijawë	19021
tuknijawën	4389
tuknijawëtë	2926
tuknijawëtëty	4389
tuknikäjpxy	2926
tuknikäjpxyën	5852
tuknikäjxtë	8779
tuknikäkëtyä'äy	2926
tuknikejxy	27800
tuknikexy	17558
tuknikexyën	2926
tuknikojën	2926
tuknikojëy	4389
tuknikooytyääy	2926
tuknikoy	5852
tuknimiintë	4389
tuknimintë	2926
tukninëjkxëty	2926
tukninëjkxtë	29264
tukninëjkxtëty	4389
tukninëjkxy	10242
tuknipä'äntëty	2926
tuknipëjktaakë	179974
tuknipëjktaakën	96571
tuknipëjktaakëtë	20484
tuknipëjktaakëtën	13168
tuknipëjktaakëty	2926
tuknipëjktakëtyä'äy	4389
tuknipëjktakëtyë	4389
tuknipëjktakëy	14632
tuknipëjktë	2926
tuknipëjky	27800
tuknipëk	2926
tuknipëktë	7316
tuknipëky	49749
tuknipëkyën	5852
tukniwijtsta'ay	5852
tukniwijtsy	2926
tukniwitsy	2926
tuknixijkxëty	8779
tuknixijkxy	8779
tukniyä'äptëty	2926
tuknukë	4389
tukpa'ëna'antë	8779
tukpaatëty	2926
tukpaaty	4389
tukpakexy	2926
tukpata'ay	2926
tukpatë	4389
tukpatëp	2926
tukpatp	5852
tukpatpën	7316
tukpë	10242
tukpejty	4389
tukpëtsëmy	5852
tukpotë	2926
tukpu'ujën	5852
tukpu'ujëtyääytyë	5852
tuktääntë	2926
tuktatskuutsëty	2926
tuktë	4389
tukteeny	4389
tuktëjë	5852
tuktëjëtya'a	2926
tuktëjëtyä'äy	4389
tuktëjkëtya'atë	5852
tuktëjkëtyë	16095
tuktëjkëy	14632
tuktëkë	10242
tuktëkëtë	13168
tuktëkëtën	4389
tuktëkëtëty	5852
tuktsëënëtë	4389
tuktsëtyuny	2926
tuktsukë	2926
tuktujk	119983
tuktuky	2926
tuktuny	2926
tukuja'axy	2926
tukujääntë	2926
tukukëpät	2926
tukumaayën	4389
tukumayëty	2926
tukumëtow	4389
tukumëtowa'any	5852
tukumëtowëty	2926
tukumëtoy	2926
tukumëtoyën	2926
tukunaxëty	2926
tukunaxtë	2926
tukupätëtëp	4389
tukupëjky	5852
tukuutsëty	10242
tukuutsy	2926
tukuyakëty	2926
tukwa'ats	38043
tukwa'atsën	2926
tukwä'tspäjnëtë	2926
tukwä'tspejty	8779
tukwäxë	2926
tukwin'ëwtë	4389
Tukwin'ëwtë	5852
tukwinkukajpxë	10242
tukwinkukajpxëy	5852
tukwinkuwo'owëy	2926
tukwinkuwowë	2926
tukwino'ok	2926
tukwinpijtë	2926
tukwinpitë	2926
tukwinpitëty	2926
tukwintoy	4389
tukwintoytyën	4389
tukwintsë'ëkë	20484
tukwintsë'ëkëja'antë	8779
tukwintsë'ëkëja'any	4389
tukwintsë'ëkëtë	23411
tukwintsë'ëkëtën	5852
tukwintsë'ëkëtëty	7316
tukwintsë'ëkëty	17558
tukwintsë'kënëtë	2926
tukwintsë'këtyë	10242
tukwintsë'këy	7316
tukwintuk'ooky	5852
tukwinwa'anëyën	4389
tukwinwanë	11705
tukwinwanën	39506
tukwinwanëty	2926
tukwit	16095
tukwop	4389
tukxëëwajty	7316
tukxi'ika'any	2926
tukxi'iktë	24874
tukxi'iky	49749
tukxik	2926
tukxikën	2926
tukxiktë	16095
tukxiktëpën	2926
tukxiky	2926
tukxojxtë	5852
tukxojxy	2926
tukxoonta'aka'antë	2926
tukxoonta'aka'any	4389
tukxoonta'akëty	2926
tukxoonta'aktë	49749
tukxoonta'aktëty	4389
tukxoontä'äky	16095
Tukxoontä'äky	43896
tukxoontä'äkyën	4389
tukxoontaktë	7316
tukxu'uxtë	4389
Tukxu'uxtë	4389
tukxu'uxtëty	5852
tukxu'uxy	5852
tukxu'uxyën	5852
tukxuxy	7316
tukyaax	19021
tukyajjoot'anpëktën	4389
tukyajni'o'ktu'utën	2926
tukyajpokytyunyën	4389
tukyax	4389
tukye'eyëtya'atë	2926
tukye'eyëtyääytyë	2926
tukye'eypyäjtë	2926
tukyën	5852
Tumim	4389
tun	314590
tuna'anëty	7316
tuna'antë	17558
tuna'any	70234
tuna'anyën	11705
tunaanpën	36580
tunan	65844
tunanëp	4389
tunanëpën	2926
tunantëpën	4389
tunëp	14632
tunëpën	26337
tunëtëp	5852
tunëty	99498
tunëtyën	14632
tunjot	13168
tunjotm	13168
tunjoty	4389
tunjotypë	2926
tunkëjxm	131688
tunkëjxmëpë	5852
tunkëjxy	5852
tuntë	403845
tuntën	127299
tuntëty	79013
tuntëtyën	14632
tuny	550166
tunyë	17558
tunyën	182901
tutk	2926
tuu	146320
tuujën	4389
Tuumpë	4389
tuumpy	4389
tuun	7316
tuun'ëtë'ëtstë	4389
tuun'ëtë'ëtsy	5852
tuunë	13168
tuunë'ëktë	2926
tuunën	20484
tuunëp	49749
tuunëpën	14632
tuunëtë	19021
tuunëty	2926
tuunk	395066
tuunk'ajtë	2926
tuunk'ajtpën	4389
tuunk'ajty	2926
tuunk'atë	7316
tuunk'atën	13168
tuunk'atëty	7316
tuunk'atëtyën	5852
tuunk'aty	4389
tuunk'atyën	5852
tuunkën	11705
tuunkëty	2926
tuunkmo'oy	4389
tuunkmooytyä'äy	4389
tuunkmooytyë	4389
tuunkojy	4389
tuunp	24874
tuunpäjn	2926
tuunpë	178511
tuunpë'ajtëpën	2926
tuunpën	86329
tuunpës	2926
tuunpëtëjk	39506
tuunpëtëjkëty	17558
tuunpëty	2926
tuunpëwintsën	4389
tuunta'ajëty	4389
tuunta'atë	5852
tuunta'ay	21948
tuunta'ayën	2926
tuuntaay	20484
tuuntaaytyë	8779
tuuntakn	8779
tuuntë	57065
tuuntëkë	2926
tuuntëko'oy	11705
tuuntëko'oyën	19021
tuuntëkoopy	8779
tuuntëkoopyë	13168
tuuntëkoopyën	4389
tuuntëkooy	2926
tuuntëkooynyëtë	2926
tuuntëkooypyë	2926
tuuntëkooytyëpën	2926
tuuntëkoy	48285
tuuntëkoyën	14632
tuuntëkoyëty	4389
tuuntëkoytyë	24874
tuuntëkoytyën	11705
tuuntën	21948
tuuntëp	2926
tuuntëpën	71697
tuunwinpitë	8779
tuunwinpity	2926
tuuny	102424
tuunyën	33653
tuupoj	16095
tuupojën	2926
tuupojjoty	2926
twa'anëty	2926
twa'antë	2926
twa'atsja'ayëty	2926
twaanta'akëty	5852
twaantä'äky	7316
twaantä'äkyën	29264
twë'ëmta'atë	4389
twë'ëmtë	14632
twë'ëmy	14632
twëëntë	2926
twëjjëtijty	2926
twiink'ixy	5852
twijtsë'ëktë	2926
twijtsë'ëky	5852
twijtsë'ky	8779
twijtstëëy	5852
twijtstëy	4389
twijtstëyën	5852
twin'ëën	2926
twin'ëëna'antë	2926
twin'ëëna'any	2926
twin'ëëntë	7316
twin'ëëny	10242
twin'ëënyën	2926
twin'ëw	8779
twin'ijxpejty	10242
twin'ijxtë	2926
twin'ijxy	14632
twin'ixëty	4389
twin'ixtë	14632
twin'ixy	42433
twin'ixyën	74623
twinja'awëtyë	2926
twinja'awëy	4389
twinjawë	8779
twinjawëtë	4389
twinjëëy	2926
twinkäätsë	2926
twinkajpxpätë	4389
twinkoxtänë	2926
twinkoxtänëtë	2926
twinkoxtänëtën	2926
twinkoxtënaay	5852
twinkoxtënaaynyë	2926
twinku'ijxëy	2926
twinkuja'të	2926
twinkujijtëy	2926
twinkukäätsë	2926
twinkukajpxëy	11705
twinkuma'ayën	4389
twinkutsë'ëkë	10242
twinkutsë'ëkën	4389
twinkutsë'ëkëtë	8779
twinkutsë'ëkëtën	2926
twinkutsë'ëkëtëty	4389
twinkutsë'këtyë	2926
twinkutsumëtë	2926
twinkuwa'akë	5852
twinkuwa'akëja'any	4389
twinkuwa'akëtë	7316
twinkuwa'akëtën	2926
twinkuwa'akëty	7316
twinkuwa'këy	29264
twinkuwä'tsëy	2926
twinkuxtënaaytyë	5852
twinma'any'äty	5852
twinma'any'ixa'antë	4389
twinma'any'ixa'any	2926
twinma'any'ixtë	2926
twinma'anymyo'oy	2926
twinmaytyë	2926
twinpëjkmujktaay	2926
twinpëjkmuky	2926
twinpijtë	4389
twintänë	2926
twintänëtë	2926
twintë'kxpejty	2926
twintë'kxyën	2926
twinteeny	2926
twintsë'ëkë	10242
twintsë'ëkën	14632
twintsë'ëkëtë	20484
twintsë'ëkëtën	10242
twintsë'ëkëtëty	11705
twintsë'këtë	2926
twintsë'këtyë	4389
twinwa'ktuty	4389
twinwanë	5852
twinwanën	30727
twinwëëtëtë	2926
twinwëëtëty	2926
twinwijtsy	5852
twinwitsy	4389
twinwooy	2926
twinwopyën	4389
twinxajtë	2926
twinxijty	2926
twinxityën	2926
twinya'axtë	4389
twinya'axtëty	4389
twinyaxtë	4389
twinye'ey	4389
twinye'eyëty	8779
twinye'eytyëty	8779
twit'aty	2926
twojpëtsëmtëty	5852
twojpnëjkxy	2926
twojppëtsëmtëty	2926
twojpta'atsy	4389
twojptë	2926
twojpyu'kxy	2926
twoowä'kxy	2926
twoowmiintë	4389
twoowmiiny	2926
twoowmujkta'atë	2926
twoowmujkta'ay	5852
twoowmujktaay	7316
twoowmujktë	2926
twoowmujky	11705
twoowmuky	4389
twoownëjkxëty	4389
twoownëjkxtë	7316
twoownëjkxy	39506
twoownëjkxyën	2926
twoowpëtsëëmy	2926
twoowtaay	2926
twoowtaayën	2926
twoowtso'ontaay	4389
twoowtsoony	4389
twoowtsoowtë	2926
twoowtsooy	16095
twoowtsoy	2926
twoowtsoyën	2926
twooy	5852
twopëty	4389
twoptë	7316
twopy	4389
twowëty	4389
twowtë	10242
twoy	23411
twoyën	2926
txajë'ky	10242
txajjë'ky	2926
txajtëy	2926
txamtë	2926
txëëwajnëty	2926
txëëwajtën	4389
txëëwajtëpën	20484
txëëwajtnëpën	2926
txëëwajtpën	32190
txëëwajty	2926
txëëwajtyp	10242
txëëwata'any	5852
txëëwatë	20484
txëëwatën	13168
txëëwatëty	13168
txëëwaty	86329
txëëwatyë	2926
txëëwatyën	414088
txëëwëty	2926
txëëwmo'otë	8779
txëëwmo'oy	27800
txëëwmo'oyën	8779
txëëwmooy	39506
txëëwmooytyë	8779
txijkxëtity	2926
txijkxjëtitëty	20484
txijkxjëtity	13168
txoonta'aktë	11705
txu'kxjawë	2926
txuyën	4389
tyä'äky	5852
tyä'äptë	2926
tya'axtë	8779
tyä'ptëyën	2926
tyaa	349707
tyaajës	86329
tyaak	320442
tyaak'ajt	10242
tyaak'ajtë	2926
tyaak'ajtëp	2926
tyaak'ajtyp	13168
tyaak'ajtypën	8779
tyaakën	7316
tyaakëty	14632
tyaakjootjoty	2926
tyaakxyäkxy	11705
tyaampaat	2926
tyaanëm	2926
tyaapë	210702
tyaapën	5852
tyaas	4389
tyaj'apaatë	11705
tyaj'apaatëja'any	2926
tyaj'apaatën	5852
tyaj'apatëtya'atë	2926
tyaj'apatëtyääy	4389
tyaj'apatëtyääytyë	2926
tyaj'apatëtyë	4389
tyaj'apatëy	8779
tyaj'apety	2926
tyaj'atëkoy	8779
tyaj'atëkoyëty	7316
tyaj'atëkoytyë	2926
tyaj'awinpijtaay	2926
tyaj'awinpijty	10242
tyaj'awinpita'any	11705
tyaj'awinpitë	8779
tyaj'awinpitëty	5852
tyaj'awinpity	14632
tyaj'awinpityën	2926
tyaj'ayeny'äjty	2926
tyaj'ëmaaytya'aka'any	2926
tyaj'ëmaaytya'aktë	4389
tyaj'ëmaaytyä'äkyën	2926
tyaj'ëna'antë	5852
tyaj'ëna'antëty	4389
tyaj'ëna'any	8779
tyaj'ëtë'ëtsy	2926
tyaj'ëtujknë	2926
tyaj'ëtujktaaytyë	2926
tyaj'ëtujktë	4389
tyaj'ëtujky	7316
tyaj'ëtukëty	8779
tyaj'ëtuky	2926
tyaj'ëtukyën	2926
tyaj'ëwa'atsëty	4389
tyaj'ëwa'atstë	5852
tyaj'ëwa'atstëty	4389
tyaj'ëwa'atsy	11705
tyaj'ëwa'atsyën	2926
tyaj'ëwaatsëpëtsëëmy	2926
tyaj'ëwaatsëpëtsëmëty	4389
tyaj'ëwaatsëpëtsëmy	11705
tyaj'ëwaatsëpëtsëmyën	2926
tyaj'ëwatstë	10242
tyaj'ëwatsy	20484
tyaj'ëxëëkë	4389
tyaj'ëxëëkëtë	16095
tyaj'ëxëëktëkë	5852
tyaj'ëyo'onpaata'any	2926
tyaj'ëyoy	7316
tyaj'ijnë	2926
tyaj'ijtë	4389
tyaj'ijxë	8779
tyaj'ijxë'ky	4389
tyaj'ijxën	4389
tyaj'ijxëtë	2926
tyaj'ijxpëjktso'ony	2926
tyaj'ijxpëjky	4389
tyaj'ijxpëkëty	2926
tyaj'ijxpëktë	2926
tyaj'ijxpëky	13168
tyaj'ita'any	13168
tyaj'ita'anyën	2926
tyaj'itë	16095
tyaj'itën	23411
tyaj'itëty	16095
tyaj'ity	45359
tyaj'ityën	29264
tyaj'ixa'anyë	4389
tyaj'ixëtë	10242
tyaj'ixëtëty	17558
tyaj'ixta'aktë	2926
tyaj'ixtä'äky	4389
tyaj'ixyë	68770
tyaj'ixyën	13168
tyaj'o'kë	2926
tyaj'o'knë	2926
tyaj'o'knëtë	2926
tyaj'o'kojtë	4389
tyaj'o'kta'aja'any	5852
tyaj'o'kta'ajëty	5852
tyaj'o'kta'atë	11705
tyaj'o'kta'atëty	7316
tyaj'o'kta'ay	29264
tyaj'o'kta'ayën	2926
tyaj'o'ktaay	35117
tyaj'o'ktaaytyë	23411
tyaj'o'ktë	79013
tyaj'o'ktën	2926
tyaj'o'ktëpë	2926
tyaj'o'kwinpitëty	2926
tyaj'o'ky	57065
tyaj'o'kyën	7316
tyaj'o'oyëtë	4389
tyaj'o'oyëtya'ajëty	2926
tyaj'o'oyëtya'atë	4389
tyaj'o'oyëtyä'äy	2926
tyaj'o'oyëtyääy	4389
tyaj'o'oyëtyë	4389
tyaj'o'oyëy	21948
tyaj'ok	4389
tyaj'ook	5852
tyaj'ooka'antë	30727
tyaj'ooka'any	13168
tyaj'ookëty	32190
tyaj'ooktë	64381
tyaj'ooktën	13168
tyaj'ooktëty	35117
tyaj'ooktëtyën	5852
tyaj'ooky	136078
tyaj'ookyën	27800
tyaj'oyë	55601
tyaj'oyën	16095
tyaj'oyëtë	23411
tyaj'oyëtën	2926
tyaj'oyëtëty	17558
tyaj'oyëtëtyën	2926
tyaj'oyëty	10242
tyaj'u'unk'ata'any	2926
tyaj'u'unk'aty	8779
tyaj'ujtstë	5852
tyaj'ujtsy	4389
tyaj'uktaay	4389
tyaj'uky	5852
tyaj'utsy	4389
tyaj'uuky	5852
tyaja'ty	5852
tyajajtën	4389
tyajajty	7316
tyajëjpkëjxyën	2926
tyajënaktë	2926
tyajëty	5852
tyajja'ajtä'äky	2926
tyajja'ajtäky	4389
tyajja'ajtë	8779
tyajja'ta'anyën	2926
tyajja'të	4389
tyajja'tëty	2926
tyajja'ty	21948
tyajja'tyën	8779
tyajjajta'akëty	2926
tyajjajtä'äky	4389
tyajjajta'ay	2926
tyajjajty	2926
tyajjata'any	5852
tyajjaty	21948
tyajjatyë	2926
tyajjënajktaaytyë	2926
tyajjënajktë	5852
tyajjënäjky	2926
tyajjënaktë	2926
tyajjënaktëty	2926
tyajjëwa'akëty	2926
tyajjëwä'äky	10242
tyajjëwa'kta'ay	5852
tyajjoot'anpëjktë	10242
tyajjoot'anpëjky	2926
tyajjoot'anpëktë	14632
tyajjoot'anpëky	10242
tyajjotkujk'atë	4389
tyajjotkujk'aty	2926
tyajjotkujkë	7316
tyajjotma'atëty	2926
tyajjotmëktä'äky	2926
tyajjotuky	2926
tyajjuukpyëka'any	2926
tyajjuukpyijky	4389
tyajjuukpyiky	13168
tyajjuukpyikyën	11705
tyajjuuky'äty	7316
tyajk	39506
tyajkä'äkëty	2926
tyajkä'pxy	7316
tyajkaay	4389
tyajkaaytyääy	5852
tyajkäjpxy	5852
tyajkäjpxykyojtë	2926
tyajkäktaaytyë	2926
tyajkay	5852
tyajkaytyë	2926
tyajkë	2926
tyajke'eky	4389
tyajkë'ëwtë	2926
tyajkë'ëwtëty	4389
tyajkëëy	2926
tyajkëjääjë	10242
tyajkëjääjëja'any	2926
tyajkëjxta'ay	2926
tyajkëjxtaay	2926
tyajkëjxtaja'any	2926
tyajkëjxy	2926
tyajkeky	4389
tyajkëpäta'any	2926
tyajkëpety	7316
tyajkëtä'äky	29264
tyajkëtäky	2926
tyajkëtay	2926
tyajkëty	7316
tyajkëxë'ëkëtyën	5852
tyajkëxë'ëktë	10242
tyajkëxë'ëky	14632
tyajkëxë'ëkyën	2926
tyajkëxë'ky	2926
tyajkëxkojtë	11705
tyajkëxkojy	14632
tyajkëxy	10242
tyajkëxyën	2926
tyajkiinta'ay	4389
tyajknaxy	4389
tyajknë	4389
tyajknëtë	2926
tyajkojë	5852
tyajkojëty	2926
tyajkojta'ay	4389
tyajkojtë	24874
tyajkojtën	14632
tyajkojtëty	4389
tyajkojtëtyën	2926
tyajkojy	144857
tyajkojyën	58528
tyajkojyënë	2926
tyajkootsë	2926
tyajkruutspäjtë	5852
tyajkruutspäta'antë	4389
tyajkruutspätë	8779
tyajkruutspätën	7316
tyajkta'ay	4389
tyajktaay	2926
tyajktë	24874
tyajktën	13168
tyajktëpë	5852
tyajktso'okëty	7316
tyajku	4389
tyajku'ëtujktë	4389
tyajku'ëtujky	2926
tyajku'ëtukëty	7316
tyajkutëkooy	8779
tyajkutëkooyën	2926
tyajkutëkooytya'aja'any	4389
tyajkutëkooytya'atë	16095
tyajkutëkooytyä'äy	39506
tyajkutëkooytyääy	7316
tyajkutëkooytyääytyë	8779
tyajkutëkooytyë	2926
tyajkutëkoy	42433
tyajkutëkoya'antë	10242
tyajkutëkoyä'äny	20484
tyajkutëkoyä'änyën	2926
tyajkutëkoyën	16095
tyajkutëkoyëty	11705
tyajkutëkoytyë	11705
tyajkutëkoytyën	2926
tyajkutëkoytyëty	4389
tyajkutujky	11705
tyajkutuka'any	4389
tyajkutukëty	5852
tyajkutuktë	2926
tyajkutuky	79013
tyajkutukyën	11705
tyajkwa'kxëty	2926
tyajkwa'kxtë	2926
tyajkwä'kxy	2926
tyajkwintëkoytyëty	2926
tyäjky	16095
tyäjkyën	5852
tyajma'atë	4389
tyajma'atëty	7316
tyajma'aty	13168
tyajma'ta'atë	7316
tyajma'ta'ay	10242
tyajma'taay	2926
tyajma'taaytyë	2926
tyajmayë	4389
tyajmayëtë	5852
tyajmëj	8779
tyajmëjë	2926
tyajmëjëty	2926
tyajmëjëtyë	2926
tyajmëjjaw	2926
tyajmëjjëtyë	2926
tyajmëjnajxy	2926
tyajmëjnaxtë	2926
tyajmëjnaxtëty	2926
tyajmëjnaxy	4389
tyajmëjtëkëtë	2926
tyajmëta'akëty	2926
tyajmëtä'äky	10242
tyajmëtä'äkyën	4389
tyajmëtaktë	5852
tyajmëtäky	21948
tyajmëtowëtë	2926
tyajmëtoy	8779
tyajmëtoyë	16095
tyajmëtuny	4389
tyajmëxu'unk'ajtë	8779
tyajmëxu'unk'ajty	16095
tyajmëxu'unk'ata'any	4389
tyajmëxu'unk'atëty	4389
tyajmëxu'unk'aty	27800
tyajmëxu'unk'atyën	8779
tyajmëyatë	2926
tyajmëyatën	10242
tyajmëyatëty	2926
tyajmëyäty	7316
tyajmëyätyën	11705
tyajmiinë	2926
tyajmiintë	7316
tyajmiiny	26337
tyajmina'any	14632
tyajminëty	10242
tyajmintë	11705
tyajmintën	4389
tyajmintëty	16095
tyajminy	36580
tyajminyën	5852
tyajmo'oy	2926
tyajmon	4389
tyajmony	4389
tyajmujkojtë	2926
tyajmujkta'atë	2926
tyajmujkta'ay	11705
tyajmujktaay	8779
tyajmujktaaytyë	2926
tyajmujktë	4389
tyajmujky	16095
tyajmuka'any	2926
tyajmukëty	4389
tyajmuktë	13168
tyajmuktën	7316
tyajmuktëty	4389
tyajmuky	20484
tyajmukyën	5852
tyajnaaxkëtä'äky	8779
tyajnaaxkëtä'äkyën	4389
tyajnaaxkëtäky	4389
tyajnaaxtëjkëtyë	43896
tyajnaaxtëjkëy	5852
tyajnaaxtëkëja'antë	7316
tyajnaaxtëkëja'any	4389
tyajnaaxtëkëtë	16095
tyajnaaxwe'tsy	2926
tyajnaaxweetsy	4389
tyajnajxnëtë	2926
tyajnajxta'ay	2926
tyajnajxtë	11705
tyajnajxy	17558
tyajnäjyawëty	4389
tyajnämyätsyë	2926
tyajnämyë'oypyikyë	2926
tyajnämyukyën	2926
tyajnatujkta'atë	4389
tyajnatujktë	13168
tyajnatujky	13168
tyajnatuktë	16095
tyajnatuky	8779
tyajnaxa'antë	2926
tyajnaxa'antën	4389
tyajnaxa'any	8779
tyajnaxa'anyën	4389
tyajnaxëty	7316
tyajnaxkëtä'äky	2926
tyajnaxtë	21948
tyajnaxtën	4389
tyajnaxtëty	10242
tyajnaxy	64381
tyajnaxyën	4389
tyajnäywyä'kxyë	8779
tyajnëë'uky	4389
tyajnëë'uuky	7316
tyajnëëpätëty	2926
tyajnëëpety	2926
tyajnëjkta'ay	2926
tyajnëjkxa'any	5852
tyajnëjkxëty	4389
tyajnëjkxnëtë	4389
tyajnëjkxta'aja'any	2926
tyajnëjkxta'atë	4389
tyajnëjkxta'ay	8779
tyajnëjkxtaay	16095
tyajnëjkxtaaytyë	4389
tyajnëjkxtë	64381
tyajnëjkxtëty	8779
tyajnëjkxy	38043
tyajnëjkxyën	2926
tyajni'ikëty	2926
tyajnikëxë'ëka'any	10242
tyajnikëxë'ëkëty	2926
tyajnikëxë'ëktë	8779
tyajnikëxë'ëky	45359
tyajnikëxë'ky	2926
tyajnikëxë'kyën	2926
tyajnikojtu'utë	8779
tyajnikojtu'utën	2926
tyajnikoonpäjta'ay	2926
tyajnikutukë	2926
tyajnimayë	7316
tyajninaxa'any	2926
tyajnipätën	2926
tyajnitëwë	2926
tyajnitooy	4389
tyajnitooytyä'äy	2926
tyajnitooytyë	4389
tyajnitoy	2926
tyajnitoyëty	2926
tyajnitoytyë	5852
tyajnitso'oka'any	8779
tyajnitujkta'ay	4389
tyajnitujktaay	2926
tyajnitukë	4389
tyajnitukëja'any	2926
tyajnituky	2926
tyajniwijtëty	2926
tyajniwijyën	2926
tyajpaatë	5852
tyajpaaty	19021
tyajpajk'atyën	7316
tyajpäjtë	2926
tyajpaye'ey	2926
tyajpëjky	4389
tyajpejty	5852
tyajpëka'any	2926
tyajpëky	5852
tyajpëtë'ëka'antë	2926
tyajpëtë'ëka'any	2926
tyajpëtë'ëkëty	4389
tyajpëtë'ëktë	19021
tyajpëtë'ëktën	7316
tyajpëtë'ëktëty	2926
tyajpëtë'ëky	13168
tyajpëtë'ëkyën	5852
tyajpëtë'ktë	5852
tyajpëtë'ky	4389
tyajpëtsëëmta'atë	4389
tyajpëtsëëmta'ay	2926
tyajpëtsëëmtaay	4389
tyajpëtsëëmtaaytyë	8779
tyajpëtsëëmtë	26337
tyajpëtseemy	2926
tyajpëtsëëmy	26337
tyajpëtsëma'anëty	4389
tyajpëtsëma'any	2926
tyajpëtsëmtë	10242
tyajpëtsëmtën	4389
tyajpëtsëmtëty	13168
tyajpëtsëmy	42433
tyajpëtsëmyën	4389
tyajpety	2926
tyajpi'itsëty	5852
tyajpojy	7316
tyajpoky	4389
tyajpokytyuntë	2926
tyajpokytyuny	5852
tyajpokytyuuntë	2926
tyajpokytyuuny	7316
tyäjpy	10242
tyäjpyën	7316
tyajta'tspëjky	4389
tyajta'tspëky	5852
tyajtänën	5852
tyajtänëtën	4389
tyajtänëtëtyën	2926
tyajtänëtyën	4389
tyajtë	65844
tyajtë'ëtsy	2926
tyajtëëwkojnëpë	7316
tyajtëëwkojnëtëpë	2926
tyajtëëwnë	4389
tyajtëëwta'ay	2926
tyajtëëwtë	89255
tyajtëëy	248745
tyajtëëynyë	2926
tyajtëjkëy	4389
tyajtëkajtsë	2926
tyajtëkajtsta'ay	2926
tyajtëkajtsy	2926
tyajtëkatsëty	8779
tyajtëkatstë	10242
tyajtëkatstëty	2926
tyajtëkatsy	13168
tyajtëkëtëty	5852
tyajtëkooy	4389
tyajtëkooynyë	4389
tyajtëkooynyëtë	2926
tyajtëkooytya'atë	2926
tyajtëkooytyä'äy	4389
tyajtëkooytyë	7316
tyajtëkoy	26337
tyajtëkoya'antë	2926
tyajtëkoyën	7316
tyajtëkoyëty	7316
tyajtëkoytyë	21948
tyajtën	26337
tyajtëp	11705
tyajtëpën	8779
tyajtëtä'äky	2926
tyajtëtsy	2926
tyajtëwa'antë	8779
tyajtëwëty	11705
tyajtëwtë	33653
tyajtëwtëty	14632
tyajtëy	65844
tyajtëyën	5852
tyajtëytyëkëja'antë	2926
tyajtëytyëkëtë	2926
tyajtooy	2926
tyajtooypyiky	5852
tyajtooytyë	4389
tyajtooytyëkoyën	2926
tyajtoytyë	2926
tyajtoytyën	2926
tyajtsëtyu'unpaata'any	2926
tyajtsëtyujta'atë	2926
tyajtsëtyuny	4389
tyajtsëtyut	8779
tyajtsëtyuta'any	2926
tyajtsëtyutë	2926
tyajtsëtyutëty	8779
tyajtsëtyuty	2926
tyajtsipta'aktë	4389
tyajtsiptä'äky	2926
tyajtso'oka'any	5852
tyajtso'okëty	4389
tyajtso'oktë	7316
tyajtso'oktëty	7316
tyajtso'oky	64381
tyajtso'okyën	4389
tyajtso'onta'aktë	7316
tyajtso'ontä'äky	14632
tyajtso'ontaktë	19021
tyajtso'ontäky	20484
tyajtso'ontë	19021
tyajtso'ony	10242
tyajtsokta'ay	4389
tyajtsoktë	2926
tyajtsoky	23411
tyajtsoona'antë	5852
tyajtsoona'any	2926
tyajtsoonëty	2926
tyajtsoontë	10242
tyajtsoontën	7316
tyajtsoony	16095
tyajtsooypyäta'any	4389
tyajtsu'ujëtyë	2926
tyajtu'uja'any	2926
tyajtu'ujëty	4389
tyajtu'ukmujkta'atë	2926
tyajtu'ukmujkta'ay	10242
tyajtu'ukmujktaay	8779
tyajtu'ukmujktaaytyë	5852
tyajtu'ukmujky	7316
tyajtu'uy	8779
tyajtu'uye'ey	4389
tyajtu'uye'eyën	4389
tyajtu'uye'eyëty	2926
tyajtu'uye'eytyë	17558
tyajtu'uye'eytyën	11705
tyajtu'uye'eytyëty	4389
tyajtuktë	2926
tyajtuktujkta'ay	2926
tyajtuktujktaaytyë	2926
tyajtuktuky	2926
tyajtukwatsy	10242
tyajtukwintsë'ëkë	2926
tyajtuky	4389
tyajtuna'any	5852
tyajtunëty	10242
tyajtuntë	24874
tyajtuntën	7316
tyajtuntëty	10242
tyajtuntëtyën	7316
tyajtuny	35117
tyajtunyën	11705
tyajtuunkpaaty	2926
tyajtuuntaay	2926
tyajtuuntë	5852
tyajtuuny	4389
tyajwa'anëty	2926
tyajwa'atstë	2926
tyajwa'atsyën	11705
tyajwa'kxta'ay	4389
tyajwa'kxtaaytyë	2926
tyajwa'kxtë	16095
tyajwa'kxtën	2926
tyajwa'kxtëty	7316
tyajwä'kxy	20484
tyajwä'kxyën	2926
tyajwatsta'ay	4389
tyajwatstaaytyë	2926
tyajwë'ëma'any	2926
tyajwë'ëmëty	4389
tyajwë'ëmtë	16095
tyajwë'ëmtën	7316
tyajwë'ëmtëty	2926
tyajwë'ëmy	71697
tyajwë'ëmyën	26337
tyajwëtstë	2926
tyajwinkëxë'ëktë	4389
tyajwinkëxë'ëky	7316
tyajwinkony	2926
tyajwinmaaytyëkajtstë	2926
tyajwinpety	2926
tyajwinpijtë	5852
tyajwinpitë	4389
tyajwinpitëty	4389
tyajwinpity	4389
tyajwinpityën	2926
tyajwintëkooytyä'äy	4389
tyajwintëkoytyë	4389
tyajwintu'upëjktaay	5852
tyajwintu'upëjky	2926
tyajwintu'upëka'any	2926
tyajwintu'upëky	4389
tyajwintujkta'atë	2926
tyajwintujktaaytyë	4389
tyajwintujktë	4389
tyajwintukëty	2926
tyajwintuktë	2926
tyajwintuktëty	2926
tyajwintuky	2926
tyajxeemy	2926
tyajxëëwpäjtë	7316
tyajxëëwpätë	5852
tyajxëëwpejty	10242
tyajxëëwpety	5852
tyajxooky	7316
tyäjy	117056
tyajye'ey	2926
tyajye'eymyujkta'ay	2926
tyajye'ky	2926
tyajyeeky	4389
tyäjyën	17558
tyajyonëty	2926
tyajyony	8779
tyajyu'kxa'any	2926
tyajyu'kxy	5852
tyäk	5852
tyaka'antë	11705
tyaka'any	13168
tyaka'anyën	4389
tyakaanpë	2926
tyäkën	23411
tyakëty	68770
tyaktë	61454
tyaktën	35117
tyaktëty	33653
tyaktëtyën	4389
tyäky	143394
tyäkyën	36580
tyam	2039714
tyamën	14632
tyamës	232650
tyamnë	11705
tyampaat	158026
tyampë	35117
tyamts	29264
tyamtsës	11705
tyämyë	19021
tyänë	49749
tyänën	20484
tyänëtë	38043
tyänëtën	23411
tyänëtëty	16095
tyänëtëtyën	13168
tyänëtyën	2926
tyap	2926
Tyapës	4389
tyapts	4389
tyatsk	39506
tyatskën	19021
tyatskëty	7316
tyatskpa'ajën	2926
tyatsktëyëty	4389
tyatwelë	4389
tyäty	71697
tyaxëy	20484
tyaxtsooy	7316
tyaxtsoy	7316
tyaxtujk	7316
tyë'ëjëty	5852
tyë'ëts	2926
tyë'kxa'any	4389
tyë'kxën	5852
tyë'kxëty	7316
tyë'kxtë	4389
tyëëm	55601
tyëëm'atëty	4389
tyëëm'aty	14632
tyëëm'atyën	4389
tyëëmën	2926
tyëëmëty	2926
tyëëmp	4389
tyëëmpäta'any	2926
tyëëmpätë	4389
tyëëmpätëty	2926
tyëëmpejty	4389
tyëëmpety	5852
tyëëmpetyën	4389
tyëëmyäky	2926
tyëëtsë	7316
tyëëtsë'ëkëtyën	13168
tyëëtsë'knë	2926
tyëëtsë'kta'ay	4389
tyëëtsë'ky	2926
tyëëtsën	4389
tyeety	595526
tyeety'ajt	80476
tyeety'ajtën	48285
tyeety'äjty	2926
tyeety'äjtyp	10242
tyeety'äjtypyën	7316
tyeety'atë	10242
tyeety'atën	2926
tyeety'atëty	29264
tyeety'äty	5852
tyeety'ätyën	4389
tyeetyën	26337
tyeetyëty	17558
tyeetyëtyën	5852
tyëja'awën	2926
tyëjk	223871
tyëjk'aaw	5852
tyëjk'aawën	7316
tyëjk'aawëtyën	5852
tyëjk'ajtypyën	5852
tyëjk'atëpën	2926
tyëjk'ëkë'ëmëty	4389
tyëjkëjxm	4389
tyëjkën	567725
tyëjkënë	10242
tyëjkënëtë	7316
tyëjkëty	46822
tyëjkëtyääytyë	2926
tyëjkëtyakn	4389
tyëjkëtyaknën	4389
tyëjkëtyë	162416
tyëjkëtyën	89255
tyëjkëy	270693
tyëjkëyën	2926
tyëjktëjkëtyë	2926
tyëjkwiin	2926
Tyëjkwiin	4389
tyëjkwiinën	4389
tyëjkwinm	2926
tyëjkxo'omy	5852
tyejpxy	2926
tyëkatsëty	2926
tyëkatsy	14632
tyëkatsyën	4389
tyëkë	182901
tyëkëëk	2926
tyëkëëkxëëwëp	2926
tyëkëëkxëëwpäjnë	2926
tyëkëëkxëëwpejty	2926
tyëkëëkxëëwpetyën	2926
tyëkëja'anëty	2926
tyëkëja'antë	10242
tyëkëja'antëty	2926
tyëkëja'any	7316
tyëkën	36580
tyëkënëm	2926
tyëkëtë	106814
tyëkëtën	20484
tyëkëtëty	32190
tyëkëty	87792
tyëkëtyën	2926
tyëko'oyën	7316
tyëko'oyënëty	8779
tyëko'oyxyëtyën	2926
tyëkooy	4389
tyëkooynyë	11705
tyëkooynyëtë	7316
tyëkooynyëty	2926
tyëkooytya'atë	8779
tyëkooytyä'äy	24874
tyëkooytyääy	2926
tyëkooytyë	4389
tyëkot	4389
tyëkotm	5852
tyëkotmëty	2926
tyëkoty	40969
tyëkotyëty	2926
tyëkoy	55601
tyëkoy'ajtxëtëty	4389
tyëkoy'ajtxëty	4389
tyëkoy'äjty	2926
tyëkoy'ata'any	4389
tyëkoy'atëty	5852
tyëkoy'äty	26337
tyëkoy'ity	5852
tyëkoy'ityën	11705
tyëkoyä'äny	4389
tyëkoyën	8779
tyëkoyëty	21948
tyëkoytyë	24874
tyëkoytyën	5852
tyëkoytyëty	5852
tyekpya'tkë'p	2926
tyekpya'tkën	11705
tyekpyajk	2926
tyekpyoonty	2926
tyekpyujtëty	2926
tyeky	87792
tyeky'ëjxën	4389
tyeky'ix'am	4389
tyekyën	26337
tyekyëty	7316
tyekykyaajën	7316
tyekywyä'äxy	5852
tyekyxyooky	14632
tyekyxyookyëty	2926
tyemy	2926
tyënaaypyäjn	2926
tyënaaypyäjnën	2926
tyënë'kën	5852
tyëts	17558
tyëts'ajtyp	2926
tyëtsëty	5852
tyëtskojnë	4389
tyëtsnë	13168
tyëtsnën	4389
tyëtsntu'uy	4389
tyëtsta'aja'any	2926
tyëtsta'ay	8779
tyëtstaaynyë	4389
tyëtstaaynyën	2926
tyëtujkxëëwpetyën	2926
tyexy	2926
tyi'iny	7316
tyi'itsy	2926
tyi'kxy	36580
tyi'kxyën	10242
tyi'px	7316
tyi'pxë'ëktë	2926
tyi'pxë'ëky	5852
tyi'pxn	38043
tyi'pxnëty	26337
tyi'tsk	14632
tyiijëty	2926
tyiinty	19021
tyiintyën	7316
tyiiynyë	4389
tyij	2926
tyijën	8779
tyijëtë	2926
tyijpy	26337
tyijpyën	2926
tyijtën	5852
tyijtëp	2926
tyijtëpën	106814
tyijy	4389
tyijyë	2926
tyikts	32190
tyiktsën	5852
tyiktsk	2926
tyim	55601
tyim'ijx	2926
tyim'itë	7316
tyim'ity	7316
tyim'ookëty	2926
tyim'ooktëty	4389
tyim'oy'ajnë	2926
tyim'oy'ajtnëty	2926
tyim'oyë	2926
tyimja'ajtë	4389
tyimja'ajty	14632
tyimja'tanë	2926
tyimja'tëty	20484
tyimja'ty	71697
tyimjajtë	4389
tyimjajty	2926
tyimjëna'ajëty	20484
tyimjëtu'unëty	4389
tyimjëyujk'ajtpë	2926
tyimjot	10242
tyimkëpety	4389
tyimkëtä'äky	2926
tyimkootsëty	4389
tyimkopkpëkyëty	2926
tyimku'ty	4389
tyimkujky	2926
tyimkutëkoyëty	2926
tyimkutsu'ujëty	17558
tyimkutsu'ujëtyë	2926
tyimmaajëty	42433
tyimmatsowëty	2926
tyimmëët'ajtyp	5852
tyimmëti'ipë	11705
tyimmëtyä'äky	2926
tyimmintën	2926
tyimminy	4389
tyimnakëtäky	2926
tyimnaxy	5852
tyimnëjkxy	20484
tyimpaja'ajtëtë	2926
tyimpatyp	17558
tyimpënëty	10242
tyimtiijëty	42433
tyimtso'ontä'äky	21948
tyimtso'ontäky	30727
tyimtso'ony	2926
tyimtsojktëp	2926
tyimtsoontë	2926
tyimtsoony	8779
tyimtsu'tstääpy	2926
tyimtsu'ujëty	4389
tyimtuunk'ajtëp	2926
tyimwë'ëmtë	2926
tyimwë'ëmy	2926
tyimwiinkony	2926
tyimwinkony	2926
tyimwinma'anyën	2926
tyimwinma'anyëtyën	5852
tyimwinpijnëtë	2926
tyimy	4389
tyimyajpaatë	7316
tyimyajpaaty	7316
tyios	11705
Tyios	26337
tyios'ajtëpën	2926
Tyios'ajtëpën	127299
Tyios'ajtypyën	26337
tyios'atë	2926
Tyios'aty	11705
Tyiosajtën	17558
tyiosëty	39506
Tyiosëty	42433
tyiosëtyën	45359
tyipkajpxtën	2926
tyitsy	10242
tyitykpyojyën	2926
tyityky'äty	4389
tyiy'ajtënën	5852
tyiyajtën	156563
tyiyajtënëty	8779
tyiyajtënëtyën	7316
tyiyëty	39506
tyiyëtyën	11705
tyiypyujxn	39506
tyiypyujxnëty	11705
tyiytyu'unën	10242
tyiytyunäämpy	8779
tyiytyunëtë	8779
tyiytyunëtëty	4389
tyiytyuny	2926
tyiytyunyë	5852
tyiytyuunëtë	2926
tyiytyuunpy	2926
tyiytyuunpyën	5852
tyo'k	7316
tyo'kmënäänajxy	4389
tyo'kpäjn	2926
tyo'kpäjnëty	2926
tyo'kpujxtaaytyë	2926
tyo'kpy	16095
tyo'kpyën	13168
tyo'ktëpën	10242
tyo'kumëty	8779
tyo'kumy	4389
tyo'ontë	2926
tyo'onxëtë	2926
tyo'oxyëty	4389
tyo'oxytyëjk	474079
tyo'oxytyëjk'ajtypyën	13168
tyo'oxytyëjk'atëpën	2926
tyo'oxytyëjkën	10242
tyo'oxytyëjkëty	64381
tyo'oxytyëjkëtyën	2926
tyo'oxytyëjktëjkëty	10242
tyo'oxytyëjktuunpë	2926
tyojkx	7316
tyontë	2926
tyony	7316
tyookäämpy	2926
tyooky	5852
tyoompy	23411
tyoontë	2926
tyooykyëtä'äkyën	2926
tyooynyë	4389
tyooypyëjknë	2926
tyooytyä'äy	5852
tyooytyääy	2926
tyooytyëkoytyë	2926
tyoxtë	2926
tyoy	17558
tyoyä'äny	2926
tyoyën	33653
tyoyëty	10242
tyoytyë	2926
tyu'kja'ay'ajtën	2926
tyu'kja'ay'atën	13168
tyu'kjëëky'at	20484
tyu'kjëën'at	2926
tyu'kmëku'uk'atën	27800
tyu'knaxëty	2926
tyu'knaxëtyën	2926
tyu'ktëjk'atën	2926
tyu'kukajpn'atë	2926
tyu'kukajpn'atën	7316
tyu'kunaax'at	4389
tyu'ts	2926
tyu'tsy	4389
tyu'u	84866
tyu'u'aaw	14632
tyu'u'aawën	2926
tyu'u'aawëty	2926
tyu'uja'any	4389
tyu'ujën	14632
tyu'ujëty	27800
tyu'ujëtyën	7316
tyu'uk	23411
tyu'uk'anyën	8779
tyu'ukmëku'uk'atën	2926
tyu'ukmujkta'atë	7316
tyu'ukmujkta'atën	2926
tyu'ukmujkta'atëty	4389
tyu'ukmujktaaytyë	11705
tyu'ukmuka'antë	2926
tyu'ukmuka'any	2926
tyu'ukmuktë	23411
tyu'ukmuktën	7316
tyu'ukmuktëty	5852
tyu'ukmuky	4389
tyu'uktë	4389
tyu'unën	48285
tyu'unën'atyën	2926
tyu'unënëty	8779
tyu'upëktë	2926
tyu'utëjkëtyë	2926
tyu'utëjkëy	2926
tyu'utëkë	2926
tyu'utëkëtë	4389
tyu'utëkoy	8779
tyu'utëkoytyë	8779
tyu'utsy	20484
tyu'uwinwoopy	4389
tyu'uwinwoopyën	4389
tyu'uwinwoowëtë	2926
tyu'uwinwoowtëpën	4389
tyu'uwinwowëtë	2926
tyu'uwinwowëty	2926
tyu'uwinwowtëpën	2926
tyu'uwinwoy	2926
tyu'uwinye'epyën	4389
tyu'uwinye'eyëpën	2926
tyu'uwinye'eytyëp	2926
tyu'uwinye'eytyëpën	4389
tyu'uy	16095
tyu'uye'ey	33653
tyu'uye'ey'ëti'ity	2926
tyu'uye'eyä'äny	7316
tyu'uye'eyä'änyën	4389
tyu'uye'eyën	35117
tyu'uye'eyëty	21948
tyu'uye'eytyë	20484
tyu'uye'eytyën	8779
tyu'uye'eytyëty	7316
tyujëty	2926
tyujkxajy	5852
tyujkxëty	4389
tyujkxy	26337
tyujkxyëty	14632
tyuk	7316
tyuk'a'ijxnaxyë	2926
tyuk'ajkxmajtstëpën	2926
tyuk'ënä'ämën	5852
tyuk'ënä'ämëtë	2926
tyuk'ënä'ämëtën	20484
tyuk'ënë'ëmxëtyën	4389
tyuk'ëne'emyë	5852
tyuk'ëne'emyën	68770
tyuk'ënyääpy	4389
tyuk'ëwa'anëtyääpy	2926
tyuk'ëwa'anëyë	2926
tyuk'ëwa'anxëty	4389
tyuk'ëwaanëtëty	4389
tyuk'ëwaanëty	4389
tyuk'ijtëpën	2926
tyuk'ijtëtëp	2926
tyuk'ijxnajxypyën	4389
tyuk'ijxpäjtëp	4389
tyuk'ijxpäjtëpën	14632
tyuk'ijxpëjkpy	2926
tyuk'ijxpëjktëp	4389
tyuk'ijxpejtyp	11705
tyuk'ijxpejtypyën	13168
tyuk'ixëtë	5852
tyuk'ixtëpën	4389
tyuk'ojyë	2926
tyuk'oy'ajtëp	2926
tyuk'oy'atëpën	2926
tyuk'oytyunëpën	2926
tyuk'u'unyääpyën	14632
tyuk'u'unyääytyëpën	16095
tyuka'ajëtë	54138
tyuka'ajëtën	39506
tyuka'ayë	30727
tyuka'ayën	10242
tyukë'ëtëkëtyën	2926
tyukëta'akëtë	5852
tyukëtä'äkyë	13168
tyukëtakë	4389
tyukëtakëtë	2926
tyukja'ajtë	4389
tyukja'ta'anyë	2926
tyukja'tëtë	11705
tyukja'tëtëty	2926
tyukja'tyë	21948
tyukjääpyën	4389
tyukjajëtyääpy	2926
tyukjajtëp	5852
tyukjajtëpën	14632
tyukjajtyp	17558
tyukjajtypyën	8779
tyukjë'pnaxyë	2926
tyukjënakëtëty	4389
tyukjënäkyë	7316
tyukjënäkyën	5852
tyukjëpijpy	2926
tyukjoot'anpëjk	5852
tyukjoot'anpëjkëtë	5852
tyukjoot'anpëjkpy	2926
tyukjoot'anpëkëtë	11705
tyukjoot'anpëkyë	7316
tyukjotkëtäkpy	2926
tyukjotkëtäkpyën	11705
tyukjotkujk'ajtëp	5852
tyukjotkujk'ajtëpën	2926
tyukjotkujk'ajtyp	5852
tyukjotkujk'ajtypyën	7316
tyukjotkujk'atëp	2926
tyukjotmëk'ajtëp	2926
tyukjuuky'äjtyp	2926
tyukjuuky'atëpën	4389
tyukka'ayë	2926
tyukkajpxnajxën	5852
tyukkajpxpejtyp	7316
tyukkë'ëtëjkëy	4389
tyukmëët'ajtyp	4389
tyukmëjjawëjantëpën	4389
tyukmëjnajxtëp	2926
tyukmëjnajxtëpën	4389
tyukmëkäjpxyp	4389
tyukmëmëtya'akëtë	2926
tyukmëmëtyä'äkyë	8779
tyukmëmëtyakëtë	4389
tyukmënëjkxtëpën	4389
tyukmëtookyë	2926
tyukmëtoopy	8779
tyukmëtoopyën	2926
tyukmëtoowën	5852
tyukmëwë'ëmën	2926
tyukmëyoxäämpyën	2926
tyukminyë	2926
tyukmoxmëku'umëyë	2926
tyuknajxtë	2926
tyukni	17558
tyuknija'ap	2926
tyuknijawëty	4389
tyuknikäjx	4389
tyuknikäjxën	2926
tyuknikäjxëtë	2926
tyuknikäxëtë	8779
tyuknikëpäjtu'utëpën	4389
tyuknikexyë	7316
tyuknikojëyën	2926
tyukniminyën	2926
tyuknipëjk	4389
tyuknipëjkë	2926
tyuknipëjkën	2926
tyuknipëjktaakëtë	2926
tyuknipëjktakëp	5852
tyuknipëjktakëpën	14632
tyuknipëjktakëtyëpën	2926
tyuknipëjktakëyën	5852
tyuknipëkëtën	10242
tyuknipëkyë	8779
tyuknipëkyën	5852
tyukniwä'äky	4389
tyukpa'ënantëpën	2926
tyukpaatyë	7316
tyukpatyp	5852
tyukpëtsëëmë	2926
tyukpëtsëmyë	2926
tyuktë	8779
tyukte'empyën	2926
tyuktëjkëtya'ajëtë	13168
tyuktëjkëtyë	2926
tyuktëjkëy	5852
tyuktëjkëyë	14632
tyuktëkë	2926
tyuktëkëjäämpy	4389
tyuktëkëty	27800
tyuktëty	4389
tyuktsëna'ayëpën	2926
tyuktsëna'ayëtëpën	4389
tyuktsiptuuntëpën	5852
tyuktso'ontäkpy	4389
tyuktujk	5852
tyuktujkta'ay	5852
tyuktujkxëëwpejty	2926
tyuktunëtë	2926
tyuktuuntëkooyën	4389
tyukujaaxëp	2926
tyukumëtoopy	2926
tyukunajxtëpën	4389
tyukunajxypyën	2926
tyukunaxäämpyën	2926
tyukunaxëp	2926
tyukunaxëpën	4389
tyukutäämë'ëkyë	2926
tyukwanë	2926
tyukwatsta'ay	2926
tyukwinmëtowëtë	2926
tyukwintsë'ëkëjäämpy	2926
tyukwintsë'ëkëjantëpën	2926
tyukwintsë'ëkëp	4389
tyukwintsë'ëkëpën	11705
tyukwintsë'ëkëtëpën	2926
tyukwintsë'këtyëpën	5852
tyukwinwa'anëyën	27800
tyukwinwanëtën	7316
tyukwinwanëty	4389
tyukwinwanëtyën	4389
tyukwopëtë	4389
tyukxi'ikantëpën	2926
tyukxi'ikëtë	4389
tyukxi'iktë	2926
tyukxi'ikyë	5852
tyukxikpy	7316
tyukxiktëp	4389
tyukxoonta'akäämpy	2926
tyukxoontäkpy	5852
tyukxoontaktëpën	2926
tyukxu'uxtëp	4389
tyukxuxtëpën	5852
tyuky	7316
tyukyaj'o'k	2926
tyukye'epyën	7316
tyukye'eytyëpën	4389
tyukyën	7316
tyukyuupyën	4389
tyun	14632
tyuna'anëtë	4389
tyuna'antën	2926
tyuna'any	45359
tyuna'anyë	7316
tyuna'anyën	26337
tyunäämpy	24874
tyunäämpyën	36580
tyunanënëpë	2926
tyunantëp	2926
tyunëp	21948
tyunëpën	11705
tyunëtë	17558
tyunëtën	13168
tyunëtëty	89255
tyunëty	30727
tyunëtyën	8779
tyuntë	68770
tyuntën	55601
tyuntëp	10242
tyuntëpën	14632
tyuntëty	39506
tyuntëtyën	2926
tyuny	239966
tyuny'ätyën	4389
tyunyë	152173
tyunyën	136078
tyunyënëm	5852
tyuun	14632
tyuunë	46822
tyuunën	112667
tyuunëtë	16095
tyuunëtyën	16095
tyuunk	111203
tyuunk'ajtën	2926
tyuunk'ajtëp	14632
tyuunk'ajtëpën	24874
tyuunk'ajtyp	16095
tyuunk'ajtypyën	13168
tyuunkën	7316
tyuunkëty	17558
tyuunkëtyën	5852
tyuunkjëjpën	2926
tyuunkpaaty	4389
tyuunmuktën	10242
tyuunmuky	2926
tyuunmukyën	19021
tyuunpäjn	8779
tyuunpäjnëty	2926
tyuunpë	362876
tyuunpë'ajtypyën	10242
tyuunpëajtën	2926
tyuunpëtëjk	190217
tyuunpëtëjkën	10242
tyuunpëtëjkëty	13168
tyuunpëty	2926
tyuunpëtyën	2926
tyuunpy	106814
tyuunpyën	139004
tyuunta'aktëpën	5852
tyuunta'ay	13168
tyuuntääpy	5852
tyuuntaay	16095
tyuuntë	11705
tyuuntëjkëtyë	2926
tyuuntëkëtën	2926
tyuuntëko'oy	7316
tyuuntëko'oyën	5852
tyuuntëko'oyënëty	2926
tyuuntëkoopy	5852
tyuuntëkoopyën	2926
tyuuntëkooyën	4389
tyuuntëkooytyëpën	4389
tyuuntëkoy	21948
tyuuntëkoyën	13168
tyuuntëkoyëty	7316
tyuuntëkoytyë	7316
tyuuntëkoytyën	8779
tyuuntën	27800
tyuuntëp	57065
tyuuntëpën	87792
tyuuntsoony	7316
tyuuny	23411
tyuunyën	4389
u'kxpën	42433
u'kxywyit	7316
U'nyë	5852
u'unk	867683
u'unk'ajt	2926
u'unk'ajtëp	8779
u'unk'ajtëpën	4389
u'unk'atanëtëp	2926
u'unkën	59991
u'unkëty	8779
u'unkpaataanpën	4389
u'unktaak	30727
u'unkteety	45359
u'unkteetyën	7316
u'unktëjk	4389
u'unktuk	14632
u'unyääpyën	20484
u'unyääypyäjn	8779
u'unyääytyëpën	5852
u'unyë	13168
u'unyëtë	5852
ujkën	8779
ujts	392140
ujts'aay	7316
ujtsën	51212
ujtsëty	11705
ujtsjëyujk	55601
ujtsjëyujkën	8779
ujtsjot	5852
ujtsjotm	26337
ujtsjoty	33653
ujtsjotypë	5852
ujtskam	8779
ujtskamën	2926
ujtskëjxy	7316
ujtsnë	4389
ujtspajk	89255
ujtspë	2926
ujtstë'ëts	2926
ujtstë'ëtsën	4389
ujtstëëm	65844
ujx	14632
uk	39506
uk'iinpën	2926
ukën	166805
ukënë	2926
ukp	7316
ukpë	45359
ukpën	7316
ukpyë	16095
uktëp	16095
uktëpën	7316
uky	49749
ukyën	5852
ukypyiity	5852
ukypyujxn	4389
ukywyit	21948
Ulai	2926
Ulam	5852
Uni	4389
Ur	7316
Urí	11705
Urías	52675
Uriel	5852
Urim	8779
Us	5852
Utai	2926
uty	2926
uuk	11705
uukëty	5852
uuktë	23411
uuky	109740
uukyën	8779
uukynyë	2926
uum	14632
Uumës	2926
uumpë	8779
uuxpa'ak	51212
uuxpa'akën	2926
ux	14632
uxëp	7316
Uz	5852
Uza	17558
uzá	2926
Uzá	2926
Uzal	2926
Uzí	16095
Uzías	40969
Uziel	26337
v	2926
Vasti	19021
ventana	5852
ventanëjoty	4389
wa'an	7316
wä'än	1556855
wa'anëp	8779
wa'anëpën	2926
wä'änës	102424
Wä'änts	2926
wä'änxyëp	84866
wa'ats	1303719
wa'atsajtën	14632
wa'atsën	49749
wa'atsës	112667
wa'atsëty	2926
wa'atsëtyën	8779
wa'atsëtypë	2926
wa'atspë	201922
wa'atstëkot	2926
wa'kpäjn	10242
wääk'oo	7316
wään	13168
wäänaty	5852
wäänë	536997
wäänëmay	5852
wäänëni'ik	114130
wäänëpë	5852
wäänës	19021
wäänjaty	48285
wäänpë	10242
waantakën	48285
waanyën	2926
wääpy	4389
waats	11705
waatspën	8779
waatswitsy	21948
waay	17558
waaytsyooy	2926
waj	10242
wajmëëtën	2926
wax	27800
waxën	5852
waxk	7316
way	7316
wë'ëm	19021
wë'ëmaanpën	2926
wë'ëmëp	7316
wë'ëmëty	2926
wë'ëmp	7316
wë'ëmpën	48285
wë'ëmtë	19021
wë'ëmtën	4389
wë'ëmtëp	7316
wë'ëmtëpën	11705
wë'ëmy	27800
wëëky	7316
wëën	14632
wëënën	2926
wëëtykyijxy	5852
wëjpë	4389
wëtsujkp	2926
wëtsuk	38043
wëtsukën	8779
wëtsukëty	2926
wëxtëjkm	10242
wëxtujk	465300
wëxtujk'ok	39506
wëxtujkpë	43896
wëxtujkpëky	17558
wëxtyikxy	345317
Wëxytyikxy	7316
wi'ëxmës	4389
wi'ix	3214671
wi'ix'äämpy	7316
wi'ixën	51212
wi'ixës	364339
Wi'ixëtën	2926
wi'ixëty	21948
wi'ixjaty	67307
wi'ixjatyës	4389
wi'ixnë	4389
wi'ixpëm	20484
wi'ixpëmës	2926
Wi'ixpëmës	4389
wi'ixtëm	2926
wi'ixts	10242
wi'ixtsën	7316
wi'ixtsow	4389
wiin	36580
wiink	1095944
wiinkajpn	5852
wiinkajpxë	5852
wiinkajpxpë	2926
wiinkajpxpën	2926
wiinkë'ëy	33653
wiinkëëpy	7316
wiinkëëy	4389
wiinkëjxm	11705
wiinkëjxy	5852
wiinkëm	7316
wiinkëma'ay	5852
wiinkës	4389
wiinkëtpyë	7316
wiinkëtypë	443352
wiinkëtypën	7316
wiinkexy	8779
wiinkjaty	90719
wiinkonën	2926
wiinkonëtypë	2926
wiinkonpë	19021
wiinkoonëp	8779
wiinkoonp	39506
wiinkoonpë	2926
wiinkoonpën	20484
wiinkoxtänëtë	5852
wiinkpë	656981
wiinkpën	4389
wiinktsow	57065
wiinktsowpë	8779
wiinkujk	4389
wiinkumaaptëm	2926
wiinkutsë'ëkë	4389
wiinkutsë'ëkëtë	2926
wiinkutsë'ëkëtëp	2926
wiinkutsë'këyëpën	4389
wiinkuwa'akë	4389
wiints	48285
wiintsën	19021
wiintsëtyën	2926
wiintsëtypë	2926
wiintspë	40969
wiintstëjk	5852
wiintstëjkëty	2926
wiintu'uk	2926
wiintuuytsyow	4389
wiinxë	35117
wijjyä'äy'atëty	2926
Wijtë	2926
wijtstëy	4389
wijy	86329
wijy'ajt	11705
wijy'ajtën	2926
wijyajtën	204849
wijyën	42433
wijyëtyën	8779
wijyjyä'ätyëjkëty	2926
wijyjyä'äy	51212
wijyjyä'äyën	2926
wijyjyä'äytyëjk	23411
wijyjyä'äytyëjkën	4389
wijyjyä'äytyëjkëty	38043
wijypyë	24874
Wimpakäjxnë	2926
Wimpit	19021
Wimpitaanpës	2926
Wimpitë	10242
Wimpitëpës	2926
Wimpo'o	4389
win	7316
win'ë'ëmp	4389
win'ë'ëmpë	14632
win'ë'ëmpëtëjkëty	4389
win'ë'ën	4389
win'ë'ënën	24874
win'ë'ënëtëp	2926
win'ë'ënpë	11705
win'ë'ënpën	5852
win'ë'ëntëp	10242
win'ë'ëntëpën	10242
win'ëënantëpën	2926
win'ëw	20484
win'ëwtë	4389
Win'ëwtë	4389
win'ix	10242
Win'ixtë	5852
win'ixy	20484
winë	3586327
winë'aaw	8779
winëjaty	35117
winëjot	117056
winëjotës	5852
winët	2926
winjëën	16095
winjëmëjt	59991
winjëpom	133152
winjopy	11705
winkajpn	2926
Winkë'ëy	4389
winkon	314590
winkonës	2926
winkonpë	4389
Winkoomp	7316
Winkutsë'ëkëtë	2926
winkutsë'kën	11705
Winkuwa'këtëkës	2926
winma'any	725752
winma'anyën	11705
winma'anyës	2926
winma'anyëty	43896
winma'anyëtyën	2926
winma'anyjoty	10242
winma'anymyëët	11705
winma'anymyëët'ajtypyën	2926
winma'anymyooyëp	2926
winma'anytyuk	14632
winma'anytyukën	8779
winma'anytyukpë	5852
winmaaytyëpën	2926
winmotsy	2926
winnaax	10242
winnaxy	2926
winpäjt'ëtëtsp	2926
winpi'its	4389
winpijtën	5852
winpit	11705
winpita'any	2926
winpitaanpës	2926
winpitantëp	4389
winpitë	8779
winpitëpës	2926
winpity	13168
winpiy	2926
winpiypyë	2926
winpo'kxënxëëw	4389
winpo'ojëty	4389
winta'ak	13168
wintaj	10242
wintë'ës'itum	5852
wintë'ës'ituuy	2926
wintë'ëtstum	11705
wintë'ëtstuuy	7316
wintëëp	2926
wintëëpën	13168
wintëjk	16095
wintëkäämpë	128762
wintëkäämpëjoty	2926
wintëkäämpëkëjxy	2926
wintëkäämpën	11705
wintëkäämpëty	2926
Wintëkëëk	2926
wintëkoopy	2926
wintëkoopyën	2926
wintëy	26337
wintëy'ajtëpën	2926
wintim	2926
wintimpë	2926
wintsë'ëkë	39506
wintsë'ëkëpë	2926
wintsë'ëkëtë	16095
wintsë'kën	523829
wintsë'kën'ajtp	4389
wintsë'kën'ajtpën	17558
wintsë'kën'ataanpën	4389
wintsë'kën'atantëpën	2926
wintsë'kën'atëp	2926
wintsë'kën'atëpën	10242
wintsë'kënën	20484
wintsë'këntyakn	323369
wintsë'këntyaknën	219481
wintsë'këyëp	2926
wintsë'këyëpën	2926
wintsën	425794
Wintsën	8802670
wintsën'ajt	2926
wintsën'ajtëmë	2926
wintsën'ajtëpën	7316
wintsën'ajtp	35117
wintsën'ajtpën	8779
Wintsën'ajtpën	141931
wintsën'ajtypyën	7316
wintsën'atyën	2926
Wintsënajtp	57065
Wintsënë	7316
wintsënën	21948
Wintsënën	193143
Wintsënës	33653
wintsënëty	67307
wintsënëtyën	8779
wintsëntëjk	108277
wintsëntëjkën	2926
wintsëntëjkëty	134615
wintsëntëjkëtyën	7316
wintsëtyu'un	38043
wintu'uk	5852
wintu'upëky	4389
wintukën	2926
wintuky	2926
wintum	193143
wintuuy	32190
wintuuytsyow	49749
wintuuytsyowpë	4389
winwa'ats	14632
winwa'atstum	2926
winwa'atstuuy	2926
Winwa'ktutëkës	4389
winwa'ktutkës	2926
Winwa'ktutkës	2926
winwijtskës	2926
winwoow	2926
winxajën	2926
winya'axtë	20484
winye'eyëp	4389
winye'eyëtëpën	5852
wit	1022783
wit'atëëytyuk	76086
wit'atëëytyukën	7316
witën	29264
witëty	4389
witjoty	2926
witkëjxy	2926
witnikojpyë	4389
witnikojyën	4389
witsë	19021
witsn	26337
witsnën	20484
witsypë	2926
wo'kn	2926
wo'okëtityën	2926
wo'okjëtity	2926
wo'okjëtityën	2926
wo'ompë	4389
wo'onë'ëky	2926
wojny	10242
wojpë	30727
wojpën	2926
wojpn	4389
wok	32190
wokën	14632
wokjot	16095
wokjotm	7316
wokjotmën	7316
wokjoty	20484
woownëjkx	2926
Woownëjkx	5852
wooxy	2926
wow	5852
wowtë	4389
woy	4389
woypyë	2926
wya'ak	2926
wya'ak'a'awëy	5852
wya'ak'o'oyëtyääytyë	2926
wya'ak'o'oyëtyë	5852
wya'ak'o'oyëy	21948
wya'ak'oyë	8779
wya'ak'oyëtë	7316
wya'akë'ëky	2926
wya'akë'ktaaytyë	2926
wya'akë'ktë	2926
wya'akë'ky	8779
wya'akwë'ëmtë	5852
wya'akwë'ëmy	4389
wya'akwinpijty	8779
wya'akwinpity	5852
wya'anëty	17558
wya'antëp	2926
wyä'äny	13168
wya'ats'atë	2926
wya'ats'atën	2926
wya'atsajtën	8779
wyä'ätsë'kta'atë	2926
wyä'ätsë'ky	13168
wya'atsëty	16095
wya'atsëtyën	30727
wya'atstë	2926
wya'atstëty	2926
wyä'ätsy	5852
wyä'ätsyën	2926
wya'k'o'oyëy	4389
wya'këxë'ëky	4389
wya'kpo'kxy	2926
wya'kujkëy	20484
wya'kukë	10242
wyä'kxy	4389
wyä'kxyën	4389
wyä'tskujkëy	2926
wyäämpyën	7316
wyaantä'äky	2926
wyaantak	4389
wyaantakën	49749
wyaantäkpyën	4389
wyaantso'ow	4389
wyääy	83402
wyääyëty	2926
wyääyëtyën	2926
wyaj	45359
wyajën	7316
wyanë	5852
wyantëpën	2926
wyatsnën	8779
wyë'ëma'antë	32190
wyë'ëma'any	36580
wyë'ëma'anyën	2926
wyë'ëmanë	2926
wyë'ëmëty	182901
wyë'ëmnë	27800
wyë'ëmnëty	7316
wyë'ëmta'aja'antë	2926
wyë'ëmta'ajëty	2926
wyë'ëmta'atë	17558
wyë'ëmta'atëty	4389
wyë'ëmta'ay	2926
wyë'ëmtaaytyë	11705
wyë'ëmtë	141931
wyë'ëmtën	55601
wyë'ëmtëty	33653
wyëën	7316
wyëën'ajtyp	4389
wyëënën	5852
wyëënkëjxy	5852
wyëtstë	2926
wyëtsukyën	2926
wyëxtujk	20484
wyëxtujkjëmëjtpätëty	2926
wyëxtujkxëëwpätëty	8779
wyëxtujkxëëwpejty	2926
wyi'im	52675
wyi'imy	338001
wyi'imyën	67307
wyi'ixëty	36580
wyiin	149247
wyiinëty	10242
wyiinjoty	5852
wyiink	2926
wyiink'ijxyp	2926
wyiinkja'ayëty	4389
wyiintsaa	4389
wyiitykyëjxm	5852
wyijajtën	5852
wyijëty	7316
wyijpyën	2926
wyijy	5852
wyijy'ajtën	33653
wyijyëty	13168
wyijyëtyën	10242
wyijyjyä'äytyëjk	5852
wyima'any	4389
wyimpäjtë'ëky	4389
wyimpapojy	5852
wyimpapojyën	14632
wyimpätëty	4389
wyimpëtsë'ëm	4389
wyimpëtsë'ëmxëty	11705
wyimpëtsëëmy	4389
wyimpëtsëm	16095
wyimpëtsëma'any	8779
wyimpëtsëmy	29264
wyimpety	4389
wyimpijnë	76086
wyimpijnëtë	58528
wyimpijta'atë	5852
wyimpijta'atëty	7316
wyimpijtaaynyëtë	7316
wyimpijtaaytyë	2926
wyimpijtë	23411
wyimpijtkojnë	4389
wyimpijtkojnëtë	4389
wyimpijty	55601
wyimpita'antë	7316
wyimpita'any	7316
wyimpitë	27800
wyimpitën	10242
wyimpitëty	57065
wyimpity	54138
wyimpityën	2926
wyimpok	11705
wyimpokëjxm	8779
wyimpokën	4389
wyimpokëtyën	2926
wyimpoktuuy	2926
wyimputskëta'aktë	2926
wyin'ë'ëmpyën	2926
wyin'ë'ëntëp	2926
wyin'ëën	4389
wyin'ëëna'antë	2926
wyin'ëënëtë	2926
wyin'ëënëty	5852
wyin'ëëntë	14632
wyin'ëëny	14632
wyin'ëënyë	2926
wyin'ëënyën	4389
wyin'ëw	4389
wyin'ijx	5852
wyin'ijxën	13168
wyin'ijxtëpën	4389
wyin'ijxyp	2926
wyin'ijxypyën	4389
wyin'ixëtë	4389
wyin'ixëtën	8779
wyin'ixy	5852
wyin'ixyë	8779
wyin'ixyën	5852
wyinajxyp	2926
wyinë	4389
wyinë'ajtë	4389
wyinë'ajty	14632
wyinë'aty	26337
wyinja'ap	5852
wyinjënäkyën	2926
wyinkë'ëyën	2926
wyinkëta'aktë	2926
wyinkëtä'äky	2926
wyinkëxë'ëky	4389
wyinkexyëty	5852
wyinkonëty	4389
wyinkontë	11705
wyinkontëty	5852
wyinkony	46822
wyinkonyën	4389
wyinkoonë	2926
wyinkoontë	2926
wyinkoony	5852
wyinkujk	4389
wyinkujkëtyën	2926
wyinkujkm	2926
wyinkukoontëpën	4389
wyinkuma'ay	35117
wyinkuma'ayën	5852
wyinkumaakojnëpë	2926
wyinkumaay	2926
wyinkutsë'ëkëty	5852
wyinkutsë'këp	4389
wyinkutsë'këpën	8779
wyinkutsë'këtyëp	2926
wyinkuwa'akëtëty	4389
wyinma'any	304347
wyinma'any'ajtëpën	2926
wyinma'any'äjtypyën	2926
wyinma'anyën	46822
wyinma'anyëty	55601
wyinma'anyëtyën	39506
wyinma'anyjoty	17558
wyinma'anypyaatë	5852
wyinma'anypyaatën	4389
wyinma'anypyaatëty	5852
wyinma'anypyääty	5852
wyinma'anypyäty	2926
wyinma'anytyëkoytyë	4389
wyinmaay	2926
wyinmaaytyë	2926
wyinmaaytyëkatsy	5852
wyinmay	2926
wyinmayëty	2926
wyinme'eky	2926
wyinmëtoowtëp	4389
wyinmujky	4389
wyinmuky	5852
wyinpëtsë'ëm	2926
wyinpijnëtë	2926
wyinta'ak	4389
wyintä'äky	10242
wyintaj	7316
wyintak	5852
wyintäky	24874
wyintänëtëpën	2926
wyintänëty	2926
wyintë'kxëtë	5852
wyintë'kxy	2926
wyintëkäämpën	2926
wyintëkooy	4389
wyintëkooytyä'äy	4389
wyintëkooytyë	4389
wyintëkoy	14632
wyintëkoyën	5852
wyintëkoyëty	16095
wyintënaaytyëpën	2926
wyintëwa'any	2926
wyintëwa'anyën	4389
wyintëwëty	7316
wyintëy	19021
wyintëyën	33653
wyintooykyëtä'äky	2926
wyintooykyëtä'äkyën	5852
wyintooywyä'ätsyën	2926
wyintsë'ëkë	4389
wyintsë'kën	169732
wyintsë'kën'atën	2926
wyintsë'kën'atëty	16095
wyintsë'kën'aty	7316
wyintsë'kën'atyën	27800
wyintsë'kënëty	7316
wyintsë'këntyakn	40969
wyintsë'këntyaknën	20484
wyintsë'këntyaknëty	5852
wyintsë'këp	13168
wyintsë'këpën	2926
wyintsë'këtëp	4389
wyintsë'këtëpën	4389
wyintsën	152173
wyintsën'ajtëpën	7316
wyintsën'ajtypyën	5852
wyintsën'atyën	4389
wyintsënën	20484
wyintsënëty	35117
wyintsënëtyën	13168
Wyintsënëtyën	16095
wyintsëntëjk	30727
wyintsëntëjkën	4389
wyintsëntëjkëty	20484
wyintu'upëky	7316
wyintuky	4389
wyintum	143394
wyintuuy	81939
wyintuuyën	2926
wyintuuyëty	4389
wyinwitsëtën	10242
wyinwopë	2926
wyinxajtë	2926
wyinye'epyën	5852
wyinye'eyëtë	4389
wyinye'eytyëpën	2926
wyit	361412
wyit'ajtëpën	4389
wyit'ajtyp	8779
wyit'ajtypyën	11705
wyit'atëëytyukëtyën	2926
wyitëjkëty	7316
wyitëty	21948
wyitëtyën	2926
wyitpaat	2926
wyittëjk	35117
wyittëjkën	38043
wyittëjkëty	2926
wyittëjkëtyën	4389
wyitwintëyëty	4389
wyojpminy	2926
wyojpy	2926
wyoow	7316
wyoowmiintëpën	4389
wyoowminyë	2926
wyoownëjkxëtë	2926
wyoownëjkxyë	5852
wyooxën	2926
wyooxyëty	2926
wyoptëty	2926
wyoyën	2926
xa'k	7316
xa'k'aawën	2926
xa'kwit	2926
xaamtëp	2926
Xajë'ëk	2926
xajpk	254598
xajpkën	2926
Xajtëw	5852
xäkxy	2926
xämpyë	10242
xämy	7316
xe'enky	4389
xe'enty	10242
xe'entyën	5852
xeemy	2926
xëënaxy	10242
xeeny	5852
xëëny	100961
xëënyajtën	20484
xëënyënëp	4389
xëënyës	2926
xëës	2926
xëëw	2234321
xëëw'ajtpë	5852
xëëw'an	24874
xëëw'ijxpë	2926
xëëwë	4389
xëëwën	36580
xëëwës	23411
xëëwëty	5852
xëëwjoty	8779
xëëwkëjxm	2926
xëëwkëtä'äky	7316
xëëwkëtä'äkytsyow	30727
xëëwmääpyë	8779
xëëwmääpyën	2926
xëëwmääpyëtëjk	4389
xëëwmääpyëtëjkëty	10242
xëëwnaxy	2926
xëëwpaaty	4389
xëëwpäjnë	2926
xëëwpë	21948
xëëwpën	4389
xëëwpëtsëmtsyow	48285
xëëwpëtsëmtsyowpë	21948
xëëwpëtsëmy	24874
xëëwpëtsëmytsyowën	5852
xëëwpetyën	10242
xëjk	7316
xejy	8779
xejykyukëjxëpës	2926
xëketyën	2926
xëkopk'ajtën	2926
xëkopkjoty	8779
xëmë	1192515
xëmëkyëjxm	310200
xëmëkyëjxmëpë	100961
xëmëpë	17558
xëmës	80476
xeny	64381
xenyën	26337
xenykyuwits	2926
xëpiny	8779
xëpinyën	5852
xëts	7316
xëwätën	2926
Xi'iktë	4389
xi'iky	7316
xi'ipyë	4389
xi'itë	4389
xii	80476
xiipë	19021
xiitsow	45359
xijn	11705
xijtn	2926
xijtnëty	2926
xikën	5852
xiktëp	4389
xim	121446
ximpë	8779
ximtsow	4389
xit	143394
xity	4389
xixën	2926
xixy	11705
xo'onën	4389
xoj	20484
xoj'ëjxën	5852
xojën	2926
xontë	5852
xony	5852
xook	2926
xoontä'äkpyë	4389
xoonta'aktë	11705
Xoonta'aktë	11705
xoontä'äky	61454
xoontä'äkyës	2926
xoontakën	131688
xoontakp	7316
xoontakpë	2926
xoontakpës	5852
xoontaktëp	13168
xoontaktëpën	2926
xoontëp	2926
xoontëpën	5852
xootsëty	2926
xotsy	2926
xox	8779
xoxën	2926
xoxy	8779
xoxyëty	5852
xu'kën	20484
xu'knëp	2926
xu'kp	21948
xu'kpën	5852
xu'kx	14632
xu'kxëtypë	2926
xu'kxpë	5852
xu'uny	10242
xu'utspë	4389
xun	13168
xunën	4389
xunëty	2926
xuukëpën	2926
xuumy	10242
xuumyjoty	5852
xuxën	2926
xuxn	73160
xuxnëty	4389
xuxpë	43896
xuxpëtëjkëty	4389
xuxpëty	5852
xuxtëp	2926
xuxtëpën	5852
xuy	2926
xuypyë	2926
xy'a'ix	2926
xy'a'ixë	8779
xy'a'ixëtë	2926
xy'a'ixëtëty	4389
xy'a'ixëty	10242
xy'akajpxtuktëty	4389
xy'akëëytyujkp	4389
xy'akëëytyujkpën	2926
xy'akëëytyuk	5852
xy'amëtoop	5852
xy'amëtoopën	2926
xy'amëtowëty	7316
xy'amëtowtë	16095
xy'amëtowtën	2926
xy'amëtowtës	2926
xy'amëtowtëty	8779
xy'amëtoy	26337
xy'amëtoyën	17558
xy'ap'at	2926
xy'apëjkmujkta'ajëty	2926
xy'apëkëty	8779
xy'atään	4389
xy'atsip'atë	4389
xy'atsip'aty	5852
xy'atsipy	2926
xy'atsojkëty	7316
xy'atsokëty	4389
xy'atsoktëty	5852
xy'axajtujkpën	2926
xy'axajtukëty	2926
xy'axuuymyukëty	2926
xy'axuuymyukyën	2926
xy'ëëw'ëtsoy	2926
xy'ëëwij	2926
xy'ëëwmëtow	2926
xy'ëk'ijxnë	2926
xy'ëk'ijxnëtës	4389
xy'ëk'ijxnëtëty	2926
xy'ëk'ijxpë	2926
xy'ëk'ixëty	10242
xy'ëkja'amyäjtsnë	4389
xy'ëkmëët'ajnë	2926
xy'ëkmëët'ajnëtëty	2926
xy'ëkmëët'aty	2926
xy'ëkmëj'ijxnë	5852
xy'ëkmëjpëjktaknëtë	2926
xy'ëkmëmaay	2926
xy'ëkmëpaatëp	2926
xy'ëkmooynyëtëty	2926
xy'ëknamä'kxëty	2926
xy'ëknitëjkënë	2926
xy'ëkpatnë	2926
xy'ëkpatuunëtëty	2926
xy'ëktu'unënëty	2926
xy'ëktu'uwinwowëp	2926
xy'ëktunëty	4389
xy'ëktuny	2926
xy'ëktuunë	4389
xy'ëktuunëtë	4389
xy'ëktuunëtëty	4389
xy'ëktuunpë'aty	2926
xy'ëkwinkutsë'kënëtë	2926
xy'ëkxëëwajtnëty	2926
xy'ëkyaj'o'ktaaynyëtëty	2926
xy'ëkyajkäknëtë	2926
xy'ëkyajwë'ëmanëtë	2926
xy'ënä'ämëty	11705
xy'ënä'ämtëpën	2926
xy'ënä'ämtëtyës	2926
xy'ëne'emy	5852
xy'ënëëmë	166805
xy'ënëëmëja'any	2926
xy'ënëëmën	11705
xy'ënëëmës	14632
xy'ënëëmëtë	24874
xy'ënëëmëtën	4389
xy'ënëëmëtës	14632
xy'ënëëmëtëty	54138
xy'ënëëmëty	194606
xy'ënëmaay	83402
xy'ënëmaayës	112667
xy'ënëmaaytya'atëty	2926
xy'ënëmaaytyës	5852
xy'ëtsë'ëkë	2926
xy'ëtsë'ëkëtë	2926
xy'ëtsë'ëkëty	2926
xy'ëtsoowinpijtëpës	2926
xy'ëtsoowinpitëty	7316
xy'ëtsoowinpity	2926
xy'ëtsoowtë	2926
xy'ëtsooy	4389
xy'ëtsooyën	2926
xy'ëtsooyës	14632
xy'ëtsowa'any	4389
xy'ëtsowëty	14632
xy'ëtsowtë	4389
xy'ëtsowtës	2926
xy'ëtsowtëty	10242
xy'ëtsowtëtyën	4389
xy'ëtsoy	26337
xy'ëtsoyës	5852
xy'ëtuktë	4389
xy'ëtuktëty	5852
xy'ëtuky	5852
xy'ëwa'atsëty	32190
xy'ëwa'atstë	2926
xy'ëwa'atstëty	4389
xy'ëwa'atsy	17558
xy'ëwatsëty	4389
xy'ëwtajnëtë	2926
xy'ëwtajnëtëty	5852
xy'ëwtajtëpë	2926
xy'ëwtajtëtëty	2926
xy'ëwtata'antë	4389
xy'ëwtatantëpëty	2926
xy'ëwtatë	19021
xy'ëwtatën	10242
xy'ëwtatëp	2926
xy'ëwtatës	2926
xy'ëwtatëty	32190
xy'ëwtatëtyën	5852
xy'ëwtaty	13168
xy'ëwxitëty	2926
xy'ëwxity	2926
xy'ëxaj	2926
xy'ëxajë	7316
xy'ëxajëtë	8779
xy'ëxajëtën	2926
xy'ëxajëtëty	5852
xy'ëxajëty	14632
xy'ëxëëk	10242
xy'ëxëëk'ijxpën	2926
xy'ëxëëk'ijxtëpën	10242
xy'ëxëëk'ijxtëpës	2926
xy'ëxëëk'ixëty	4389
xy'ëxëëk'ixtëty	2926
xy'ëxëëk'ixy	2926
xy'ëxëëkjawëty	7316
xy'ëxëëktijëty	2926
xy'ëxkexy	2926
xy'ëxkukëtë	2926
xy'ëxmajtsëmë	2926
xy'ëxmajtsnë	4389
xy'ëxmajtsnëtë	14632
xy'ëxmajtsta'atë	2926
xy'ëxmats	5852
xy'ëxmatsa'antës	2926
Xy'ëxmatsantëpës	2926
xy'ëxmatsëty	27800
xy'ëxmatstë	24874
xy'ëxmatstën	4389
xy'ëxmatstës	7316
xy'ëxmatstëty	24874
xy'ëxmatsy	21948
xy'ëxmatsyën	2926
xy'ëxwa'antë	4389
xy'ëxwojpta'atë	2926
xy'ijx'it	2926
xy'ijxë	5852
xy'ijxëmë	2926
xy'ijxnë	2926
xy'ijxnëtë	4389
xy'ijxnëty	2926
xy'ijxpaatë	4389
xy'ijxpaatës	5852
xy'ijxpaatëty	5852
xy'ijxpaaty	4389
xy'ijxpäjtën'atë	2926
xy'ijxpën	2926
xy'ijxta'ajëty	4389
xy'ijxta'aktëty	2926
xy'ijxtë	14632
xy'ijxtëkooy	2926
xy'ijxy	2926
xy'ix	7316
xy'ix'ixy	4389
xy'ixa'antë	7316
xy'ixa'any	7316
xy'ixa'anyën	2926
xy'ixëty	54138
xy'ixëtyës	2926
xy'ixjëtijt	14632
xy'ixjëtijtp	2926
xy'ixjëtit	19021
xy'ixjëtity	8779
xy'ixkaptë	2926
xy'ixkaptës	11705
xy'ixkaptëty	5852
xy'ixta'aja'any	4389
xy'ixta'ajëty	10242
xy'ixta'atë	19021
xy'ixta'atën	5852
Xy'ixta'atëpës	2926
xy'ixta'atës	2926
xy'ixta'atëty	5852
xy'ixta'ay	4389
xy'ixta'ayën	5852
xy'ixtaaytyëp	2926
xy'ixtë	92182
xy'ixtën	35117
xy'ixtëty	87792
xy'ixtëtyës	4389
xy'ixtij	4389
xy'ixtijtë	5852
xy'ixtijtëty	2926
xy'ixtijy	4389
xy'ixy	121446
xy'ixy'atë	13168
xy'ixy'atën	13168
xy'ixy'atës	2926
xy'ixy'äty	8779
xy'ixy'ätyën	11705
xy'ixy'ätyës	5852
xy'ixyë	7316
xy'ixyën	49749
xy'ixyës	2926
xy'ojëty	7316
xy'ojmëty	2926
xy'ojtë	4389
xy'ojy	4389
xy'ok'ajtëm	2926
xy'oy	2926
xy'oy'ixy	2926
xy'oyjawë	7316
xy'oyjawëty	2926
xy'oyjya'apës	8779
xy'oyjya'awëmëtyë	2926
xy'oyjyawë	8779
xy'oyjyawën	2926
xy'oyjyawëtë	4389
xy'oyjyawëtëty	5852
xy'oyjyawëty	5852
xy'oyjyawëtyës	2926
xy'oytyunëty	33653
xy'oytyuntëty	5852
xy'oytyuny	10242
xy'oytyunyën	4389
xy'oytyunyës	2926
xy'oytyuunëty	11705
xy'u'unk'ajt	4389
xy'u'unk'ajtëmë	2926
xy'u'unk'ajtp	5852
xy'u'unk'atyën	2926
xy'utyëty	2926
xy'uukëty	13168
xy'uuktë	13168
xy'uuktëty	4389
xya'axtë	2926
xya'axtës	2926
xya'k	5852
xya'k'aawën	2926
xya'kën	4389
xya'këty	4389
xyäämëty	13168
xyaamtëp	2926
xyäätsy	2926
xyaaxë	2926
xyaj	2926
xyaj'apaatëtë	4389
xyaj'apaatëtëty	5852
xyaj'atëkoy	4389
xyaj'awinpijnëtë	5852
xyaj'awinpijty	2926
xyaj'awinpita'any	2926
xyaj'awinpitë	2926
xyaj'awinpitëty	2926
xyaj'awinpity	4389
xyaj'ayeny'atëty	2926
xyaj'ëmaaytyä'äky	2926
xyaj'ëna'anëty	5852
xyaj'ëtukëty	2926
xyaj'ëtuktëty	7316
xyaj'ëwaatsë	2926
xyaj'ëwaatsëpëtsëëmp	2926
xyaj'ëwaatsëpëtsëëmpën	7316
xyaj'ëwaatsëpëtsëmtë	2926
xyaj'ëwaatsëpëtsëmy	7316
xyaj'ëwaatsëpëtsëmyën	2926
xyaj'ëwatsëty	2926
xyaj'ëxëëkë	2926
xyaj'ëxëëkëtë	4389
xyaj'ëxëëkëtëty	2926
xyaj'ëxma'atëty	2926
xyaj'ëyo'onpaaty	2926
xyaj'ëyowëty	2926
xyaj'ëyowtë	2926
xyaj'ëyowtëty	2926
xyaj'ëyoy	4389
xyaj'ijtëmë	2926
xyaj'ijtëmën	2926
xyaj'ijtnë	4389
xyaj'ijtp	2926
xyaj'ijtpën	2926
xyaj'ita'any	7316
xyaj'itë	7316
xyaj'itën	10242
xyaj'itëty	20484
xyaj'ity	14632
xyaj'ityën	8779
xyaj'ixëtëty	16095
xyaj'ixpëky	2926
xyaj'ixyë	10242
xyaj'o'k	2926
xyaj'o'knë	2926
xyaj'o'ktä'ämyëty	2926
xyaj'o'ktë	4389
xyaj'o'ktëpës	2926
xyaj'o'oyëyë	2926
xyaj'ook	11705
xyaj'ooka'anëmë	2926
xyaj'ooka'antë	17558
xyaj'ooka'antën	2926
xyaj'ooka'antës	11705
xyaj'ooka'any	14632
xyaj'ookantëpën	7316
xyaj'ookantëpës	5852
xyaj'ookëpës	2926
xyaj'ookëty	32190
xyaj'ookëtyës	2926
xyaj'ooktë	24874
xyaj'ooktën	2926
xyaj'ooktëpës	4389
xyaj'ooktëty	32190
xyaj'ooktëtyës	2926
xyaj'ooky	20484
xyaj'ookyën	4389
xyaj'ookyës	2926
xyaj'oyë	2926
xyaj'oyëtë	7316
xyaj'oyëtëty	4389
xyaj'oyëty	14632
xyaj'utsëty	2926
xyaj'uukëty	2926
xyaj'uuky	2926
xyaja'ajtä'äkyën	2926
xyajja'tëty	5852
xyajja'ty	2926
xyajja'tyën	2926
xyajjajtp	2926
xyajjat	4389
xyajjaty	5852
xyajjë'ë	4389
xyajjë'ëky	5852
xyajjë'ktëpën	2926
xyajjëwä'äky	4389
xyajjoot'anpëjktë	4389
xyajjoot'anpëktë	26337
xyajjoot'anpëktën	2926
xyajjoot'anpëktës	7316
xyajjoot'anpëktëty	5852
xyajjoot'anpëky	10242
xyajjotkëxëty	4389
xyajjotkëxtë	7316
xyajjotkëxy	7316
xyajjotkujk'atë	4389
xyajjotkujk'aty	5852
xyajjotkujkëja'antë	2926
xyajjotkujkta'akëpën	2926
xyajjotkujktä'äky	5852
xyajjotkujktä'äkyës	4389
xyajjotkujktakp	4389
xyajjotmëkpëktë	2926
xyajjuuky'ajtp	2926
xyajjuuky'ajtpën	2926
xyajjuuky'ata'any	2926
xyajjuuky'atëty	2926
xyajjuuky'äty	4389
xyajkä'äkëty	4389
xyajka'pxtëty	4389
xyajkajpxëty	2926
xyajkay	8779
xyajke'eky	2926
xyajkë'ëwëty	2926
xyajkë'ëwtëty	2926
xyajkëjääjë	4389
xyajkëjxm'atëty	5852
xyajkëtä'äky	4389
xyajkëtë	2926
xyajkëty	2926
xyajkëxë'ëkëty	2926
xyajkëxë'ëktë	2926
xyajkëxë'ëky	4389
xyajkëxkojëty	5852
xyajkojëmë	2926
xyajkojëty	14632
xyajkojtë	7316
xyajkojtën	5852
xyajkojtëty	4389
xyajkojy	42433
xyajkojyën	13168
xyajkojyës	4389
xyajktëpë	2926
xyajkumeenytyä'äkyës	2926
xyajkumon	2926
xyajkutëkooytya'atë	11705
xyajkutëkooytya'atëty	2926
xyajkutëkooytyä'äy	4389
xyajkutëkoy	14632
xyajkutëkoyä'äny	8779
xyajkutëkoyëty	10242
xyajkutëkoytyë	4389
xyajkutëkoytyëty	7316
xyajkutukëty	19021
xyajkutuky	10242
xyajma'atëty	2926
xyajma'ta'atë	4389
xyajmëj	2926
xyajmëjjwiin'atëty	2926
xyajmëjnaxtëty	4389
xyajmëta'akëty	2926
xyajmëtä'äky	10242
xyajmëtä'äkyës	4389
xyajmëtakëm	4389
xyajmëtakmëty	2926
xyajmëtaky	2926
xyajmëyäty	7316
xyajmëyätyën	2926
xyajmi'inëmë	2926
xyajmin	2926
xyajminëty	7316
xyajmintë	10242
xyajmintës	2926
xyajmintëty	14632
xyajminy	16095
xyajmony	5852
xyajmukëty	2926
xyajmuktë	4389
xyajmuktëty	7316
xyajmuky	2926
xyajmukyën	2926
xyajnaaxkëtä'äky	2926
xyajnaaxtëkë	2926
xyajnaaxtëkëja'antën	2926
xyajnaaxtëkëtë	2926
xyajnaaxtëkëtëty	4389
xyajnaaxtëkëty	4389
xyajnäjyawëty	4389
xyajnatuktën	2926
xyajnätyijëtë	7316
xyajnäwyä'kxyë	2926
xyajnaxa'any	2926
xyajnaxëty	8779
xyajnaxtë	14632
xyajnaxtën	5852
xyajnaxtës	2926
xyajnaxtëty	26337
xyajnaxy	16095
xyajnaxyën	2926
xyajnëë	2926
xyajnëënajxyës	2926
xyajnëjkxëty	2926
xyajnëjkxmëty	4389
xyajnëjkxtë	2926
xyajnëjkxtëty	4389
xyajnëjkxy	10242
xyajnëjkxyës	7316
xyajni'ëwaatsë	4389
xyajni'ikëtëty	5852
xyajnikëxë'ëkëty	2926
xyajnikëxë'ëktë	4389
xyajnikëxë'ëky	10242
xyajnikëxë'ëkyën	2926
xyajnikojtu'utëty	7316
xyajnikoompätëty	2926
xyajninaxtëty	2926
xyajnipäxëtëkëtë	2926
xyajnipäxëtëkëty	2926
xyajnitso'okëtyës	2926
xyajnitso'oky	10242
xyajnitsokëm	4389
xyajnitsokëmë	2926
xyajnitsokëmën	5852
xyajnitsokmëty	2926
xyajnitsokp	5852
xyajnitsokpën	5852
xyajnitsokpës	7316
xyajnitsoktëpën	2926
xyajnitukëty	2926
xyajpajk'atyën	4389
xyajpëtë'ëkëty	7316
xyajpëtë'ëktë	5852
xyajpëtë'ëktëty	8779
xyajpëtë'ëky	8779
xyajpëtë'ëkyës	5852
xyajpëtsë'ëmëmë	2926
xyajpëtsëëmtën	2926
xyajpëtsëëmy	4389
xyajpëtsëma'any	2926
xyajpëtsëmëty	5852
xyajpëtsëmtë	8779
xyajpëtsëmtëty	5852
xyajpëtsëmy	19021
xyajpëtsëmyën	5852
xyajpo'kxtë	5852
xyajpo'kxy	4389
xyajta'tspëky	2926
xyajtänën	2926
xyäjtë	2926
xyajtëëy	5852
xyajtëëyës	7316
xyajtëkatsëty	4389
xyajtëkatstë	2926
xyajtëkatsy	2926
xyajtëkooyë	7316
xyajtëkooyëty	2926
xyajtëkoy	7316
xyajtëkoya'antë	2926
xyajtëkoyä'äny	2926
xyajtëkoyëty	14632
xyajtëkoytyë	7316
xyajtëkoytyëty	11705
xyajtëwa'antë	4389
xyajtëwëty	10242
xyajtëwtë	13168
xyajtëwtës	2926
xyajtëwtëty	7316
xyajtëwtëtyës	2926
xyajtëy	13168
xyajtëyës	2926
xyajtsëtyut	2926
xyajtsëtyutë	2926
xyajtsëtyuty	5852
xyajtso'oka'anëm	2926
xyajtso'oka'anëmë	2926
xyajtso'oka'any	5852
xyajtso'okaanp	4389
xyajtso'okëp	7316
xyajtso'okëty	7316
xyajtso'okëtyës	5852
xyajtso'oktë	4389
xyajtso'oky	36580
xyajtso'okyën	2926
xyajtso'onta'aktë	4389
xyajtso'onta'aktëty	4389
xyajtso'ontä'äky	2926
xyajtso'ontä'äkyën	4389
xyajtsokëm	2926
xyajtsokëmë	4389
xyajtsokëtë	2926
xyajtsokmëty	5852
xyajtsokp	2926
xyajtsokpën	5852
xyajtsoonëty	4389
xyajtsoontë	4389
xyajtsoony	5852
xyajtu'uye'eyën	4389
xyajtu'uye'eytyëty	4389
xyajtukwa'atstëty	2926
xyajtuky	4389
xyajtuna'antë	4389
xyajtunëty	13168
xyajtuntë	13168
xyajtuntëty	11705
xyajtuny	7316
xyajwa'kxëty	4389
xyajwa'kxtë	5852
xyajwa'kxtën	2926
xyajwä'kxy	11705
xyajwäänëtëty	2926
xyajwë'ëmëmë	2926
xyajwë'ëmëty	17558
xyajwë'ëmnëtë	4389
xyajwë'ëmtë	14632
xyajwë'ëmtëty	7316
xyajwë'ëmy	11705
xyajwë'ëmyën	5852
xyajwinkëxë'ëkëty	2926
xyajwinpety	2926
xyajwinpitëty	4389
xyajwinpity	5852
xyajwintëkoytyëty	2926
xyajwintsë'këntyëkoyëty	2926
xyajwintuktëty	4389
xyajxookëty	2926
xyajya'axtë	2926
xyajyu'kxy	2926
xyajyu'unkëty	4389
xyaka'antë	4389
xyaka'anyën	2926
xyakëty	19021
xyaktë	48285
xyaktën	10242
xyaktëty	38043
xyäkxy	11705
xyäky	13168
xyäkyën	2926
xyamtë	2926
xyamtën	2926
xyämy	5852
xyänty	2926
xyäty	2926
xyaxtso'owëmën	2926
xyaxtsowtë	2926
xye'emy	2926
xye'enty	36580
xye'entyën	5852
xye'kxy	4389
xyeemy	8779
xyeenyëty	2926
xyëëpëpë	2926
xyëëpëtpyë	2926
xyëëpety	2926
xyëëpëty	4389
xyëëpëtyën	2926
xyëëw	515049
xyëëwajnë	4389
xyëëwajt	108277
xyëëwajtë	275083
xyëëwajtën	57065
xyëëwajtëp	30727
xyëëwajtëpën	95108
xyëëwajtyp	275083
xyëëwajtypyën	376044
xyëëwatëp	4389
xyëëwën	8779
xyëëwëty	55601
xyëëwëtyën	2926
xyëëwëy	2926
xyëëwjoty	11705
xyëëwkëjxm	29264
xyëëwkëjxn	2926
xyëëwkyëjxm	45359
xyëëwmääpyëtëjk	2926
xyëëwmooyën	10242
xyëëwmooytyën	13168
xyëëwnajxy	2926
xyëëwpety	10242
xyëëwtuntë	17558
xyëëwtuntën	7316
xyëëwtuntëty	2926
xyëëwtuny	2926
xyëëwtunyën	7316
xyëëwtuuntë	10242
xyejy	8779
xyejyën	2926
xyëkätën	2926
xyëkopk'atëty	2926
xyëkopk'aty	5852
xyëkopk'atyën	7316
xyenyën	2926
xyëpiny'atëty	4389
xyëtsëty	5852
xyëwät	4389
xyëwätën	2926
xyëwatyp	2926
xyi'iktë	5852
xyi'iktëty	2926
xyi'iky	5852
xyi'ipyë	2926
xyiintyä'äky	2926
xyiiny'äjty	2926
xyiiny'atëty	2926
xyiiny'äty	11705
xyiiny'ätyën	2926
xyiinyë	14632
xyiinyëjanë	2926
xyiinyënë	4389
xyiinyënëm	2926
xyiinyëty	5852
xyiinyëy	5852
xyiinytya'akëty	4389
xyiinytyä'äky	2926
xyiinytyäky	21948
xyiiynyë	4389
xyij	2926
xyijkxjëtijtëp	2926
xyijkxjëtitëty	2926
xyiktë	4389
xyixy	7316
xyixyëty	4389
xyjäty	7316
xyjyä'ä	5852
xyjyä'ä'ajtp	5852
xyjyä'ä'ata'antë	2926
xyjyä'ä'atë	11705
xyjyä'ä'atën	2926
xyjyä'ä'atëty	27800
xyjyä'ä'aty	2926
xyjya'ajëty	5852
xyjyä'äjëty	5852
xyjyä'äkyukë	7316
xyjyä'äkyukëtë	30727
xyjyä'äkyukëtëty	26337
xyjyä'äkyukëty	8779
xyjyä'ämetsyë	2926
xyjyä'ämyätsëpës	4389
xyjyä'ämyätsëty	2926
xyjyä'ämyätstë	20484
xyjyä'ämyätstës	2926
xyjyä'ämyätstëty	14632
xyjyä'ämyetsyë	2926
xyjyä'äniwa'any	4389
xyjya'apën	5852
xyjyä'ätsëty	2926
xyjyä'ätyëkoytyë	4389
xyjyä'ätyëkoytyëty	5852
xyjyä'äymyätsëty	8779
xyjyä'äymyetsy	17558
xyjyä'äytyëkooynyë	11705
xyjyä'äytyëkooynyës	4389
xyjyä'äytyëkooynyëtë	7316
xyjyä'äytyëkooynyëtëty	2926
xyjyä'äytyëkoy	13168
xyjyä'äytyëkoyëty	27800
xyjyä'äytyëkoytyë	7316
xyjyä'äytyëkoytyën	4389
xyjyä'äytyëkoytyës	2926
xyjyä'äytyëkoytyëty	13168
xyjya'ënëëmë	2926
xyjya'ënëëmën	2926
xyjya'ixëty	4389
xyjya'ixtë	7316
xyjya'ixy	2926
xyjyä'tsë	2926
xyjyaak	7316
xyjyaaknajts'ixëty	2926
xyjyaamtään	2926
xyjyäänty	4389
xyjyääntyjyawëtëty	4389
xyjyajtp	2926
xyjyamëëtëty	2926
xyjyämyëët'atëty	2926
xyjyanijawë	2926
xyjyanijawëtë	2926
xyjyanikäjpxyën	7316
xyjyanipëtë'ëktës	2926
xyjyänty	16095
xyjyänty'ixjëtit	2926
xyjyapaaty	4389
xyjyapänëty	2926
xyjyapatpën	2926
xyjyatë	5852
xyjyatën	4389
xyjyatëty	7316
xyjyatuk'ëwaanëtës	4389
xyjyawë	51212
xyjyawëja'any	2926
xyjyawën	2926
xyjyawëtë	23411
xyjyawëtës	4389
xyjyawëtëty	17558
xyjyawëty	19021
xyjyayaj'ooka'antës	2926
xyjyë'kxëtëty	5852
xyjyë'kxëty	16095
xyjyë'kxnëtëty	2926
xyjyë'kxtë	14632
xyjyë'kxtëty	43896
xyjyëën'ixkonëtëty	2926
xyjyëënmo'o	2926
xyjyëjp'ixtë	10242
xyjyëjp'ixtës	2926
xyjyëjp'ixy	5852
xyjyëpëkëty	2926
xyjyëpëky	2926
xyjyi'kxy	4389
xyjyijtë'kta'ay	2926
xyjyot'atëty	2926
xyjyotmaypyiky	2926
xyjyotmëkmo'otë	4389
xyjyu'tëty	2926
xyjyuutës	4389
xyjyuutëty	7316
xyjyuuty	14632
xyjyuutyën	2926
xyjyuy	2926
xyjyuyä'äny	2926
xyjyuyëty	10242
xyjyuytyë	2926
xykëpätëty	2926
xykexyën	14632
xykijpxëty	2926
xykya	13168
xykya'ënëëmëty	2926
xykya'ëxmatstë	2926
xykya'ëxmatsy	2926
xykya'ixtë	5852
xykya'ixy	4389
xykyääptëty	2926
xykyaja'atyëkoytyëty	5852
xykyajawëtë	4389
xykyajawëty	2926
xykyajë'kxtëty	2926
xykyajpn	2926
xykyajpxa'antë	2926
xykyajpxëty	10242
xykyajpxpaatëty	2926
xykyajpxpo'kxëty	2926
xykyajpxpo'kxtëty	2926
xykyajpxta'ajëty	2926
xykyajpxtë	19021
xykyajpxtëkoy	2926
xykyajpxtën	4389
xykyajpxtënëm	8779
xykyajpxtëty	13168
xykyajpxwa'kxëty	2926
xykyajpxwa'kxtëty	5852
xykyäjpxy	67307
xykyäjpxy'atën	2926
xykyäjpxyën	20484
xykyäjpxymyëtowtë	2926
xykyäjxpën	14632
xykyäjxtëp	2926
xykyakajpxpaatëty	4389
xykyakupëjkmëty	2926
xykyakuyu'utsëty	2926
xykyamëët'ata'any	2926
xykyamëët'atë	2926
xykyamëët'atëty	7316
xykyamëët'aty	2926
xykyamëëtëty	2926
xykyamëj'ixtë	2926
xykyamëj'ixy	2926
xykyamëmay	2926
xykyamëmëtowtë	2926
xykyamëpëktë	5852
xykyamëtowtë	2926
xykyamo'otë	5852
xykyamo'oy	2926
xykyanijawëtë	17558
xykyapa'ëyowtëty	2926
xykyapaatëty	5852
xykyapatuntë	5852
xykyapatuny	4389
xykyapëjkëty	2926
xykyaputëkë	2926
xykyatëjtëty	2926
xykyatontëty	2926
xykyatsë'ëkëty	10242
xykyatsu'utstë	2926
xykyatuk'ëwaanë	2926
xykyatuk'ëwaanës	2926
xykyatun	2926
xykyatuntë	13168
xykyatuntëty	14632
xykyatuny	8779
xykyäxëty	16095
xykyäxtë	2926
xykyäxtën	7316
xykyayajkojtëty	2926
xykyayajmëta'aktë	2926
xykyayajnaxtë	2926
xykyayajtëwtëty	2926
xykyayajwë'ëmtëty	5852
xykyäyëty	5852
xykyäytyë	11705
xykyäytyëty	10242
xykyë'ëmo'ojëty	4389
xykyë'ënixajëty	10242
xykyë'ëyaka'anëty	2926
xykyë'ëyakaanpën	14632
xykyë'ëyakëty	11705
xykyë'ëyaktë	2926
xykyë'ëyaktën	2926
Xykyë'ëyaktëpës	2926
xykyë'ëyaktëty	11705
xykyë'ëyäky	11705
xykyë'ëyäkyën	4389
xykyë'ëyäkyës	2926
xykyënu'kxëmë	7316
xykyënu'kxëty	14632
xykyënu'kxmëp	2926
xykyënu'kxmëty	2926
xykyënu'kxnë	2926
xykyënu'kxp	2926
xykyënu'kxy	11705
xykyënu'kxyën	2926
xykyënu'kxyës	4389
xykyënu'kxyjyawëtë	2926
xykyëpäjta'ajëty	2926
xykyëpätëty	7316
xykyëpety	2926
xykyëpetyën	2926
xykyëwent'ajtëmën	2926
xykyëwent'ajtp	4389
xykyëwent'ajtpën	2926
xykyëwent'atë	8779
xykyëwent'atëty	14632
xykyëwent'aty	7316
xykyëwent'atyën	4389
xykyëwentëty	2926
xykyëxja'ajëty	11705
xykyëxja'ajëtyën	2926
xykyëxjaaytya'ajëty	7316
xykyëxjaaytya'ajëtyën	4389
xykyëxkajpxtë	2926
xykyëxpëkëty	2926
xykyëxtëyëty	4389
xykyexy	57065
xykyexyën	30727
xykyexyës	17558
xykyijpxtë	2926
xykyijpxtëty	5852
xykyojëty	21948
xykyojtë	2926
xykyojtën	10242
xykyojtëty	5852
xykyojy	13168
xykyojyën	8779
xykyontëty	2926
xykyoonë'ëkëty	2926
xykyoyën	2926
xykyu'ëyowëtë	2926
xykyu'o'k	2926
xykyu'o'këmë	13168
xykyu'ookës	2926
xykyu'ookëtëty	4389
xykyujajëm	2926
xykyujëpipëty	2926
xykyukä'äkëty	2926
xykyukä'äktëty	4389
xykyuka'atstë	2926
xykyukajpxëtëty	2926
xykyukajpxta'akëty	4389
xykyuke'eky	4389
xykyuma'ayën'atëty	2926
xykyumay	5852
xykyumayëty	2926
xykyumëtoownaxy	2926
xykyumëtowa'any	2926
xykyumëtowëty	2926
xykyumëtowtë	4389
xykyumëtowtëty	2926
xykyupëjkëtë	2926
xykyupëjkmëty	2926
xykyupëjkp	4389
xykyupëjkpës	8779
xykyupëkëty	24874
xykyupëktë	17558
xykyupëktën	5852
xykyupëktëty	13168
xykyupëky	10242
xykyupujxta'atë	5852
xykyutë'kx	4389
xykyutë'kxp	2926
xykyutë'kxpës	2926
xykyutëjkëpën	2926
xykyutëkëty	2926
xykyuuytyunëty	2926
xykyuuytyuntë	2926
xykyuuytyuntëty	5852
xykyuwa'anëm	2926
xykyuwa'anëp	2926
xykyuwa'anmëp	4389
xykyuwa'any	2926
xykyuwaanp	20484
xykyuwaanpën	8779
xykyuwaanpës	5852
xykyuwantëp	2926
xykyuyu'tspës	2926
xykyuyu'utsëtyës	2926
xykyuyu'utstëty	2926
xykyuyu'utyës	2926
xymyä'äjëty	4389
xymyä'äymyëty	2926
xymyä'kxëty	4389
xymyä'kxy	7316
xymyäätstë	5852
xymyajts'ijtpën	2926
xymyajts'itëty	4389
xymyajts'ity	2926
xymyajtstu'utëty	10242
xymyatsëty	2926
xymyatstë	5852
xymyatstës	2926
xymyatstëty	8779
xymyätsy	5852
xymyäy	8779
xymyäyëpës	4389
xymyäyëty	10242
xymye'eyën	27800
xymyëët'ajnëtë	5852
xymyëët'ata'antë	5852
xymyëët'atë	62918
xymyëët'atën	21948
xymyëët'atës	2926
xymyëët'atëty	76086
xymyëët'attëty	16095
xymyëët'aty	52675
xymyëët'atyën	13168
xymyëëtëty	55601
xymyëëtëtyë	2926
xymyëëtëtyën	8779
xymyëëtko'knääpyëty	7316
xymyëëtko'knaayëty	2926
xymyëëtko'knë	4389
xymyëëtko'knën	5852
xymyëëtko'knëty	14632
xymyëëtsëënëty	2926
xymyëj'ix	2926
xymyëj'ixy	7316
xymyëja'tëty	2926
xymyëjaawmo'oy	2926
xymyëjaawmoopy	4389
xymyëjëkäm'atëty	2926
xymyëjëkämkä'äkëty	2926
xymyëjëkämke'eky	4389
xymyëjjaw	19021
xymyëjjawëtë	7316
xymyëjjawëtën	2926
xymyëjjawëtëty	13168
xymyëjjawëtëtyën	5852
xymyëjjawëty	4389
xymyëjjawëtyën	2926
xymyëjpëjkta'akëty	7316
xymyëjpëjkta'aktë	11705
xymyëjpëjkta'aktën	2926
xymyëjpëjkta'aktëty	2926
xymyëjpëjktä'äky	5852
xymyëjuy	8779
xymyëjuyëty	5852
xymyëjuytyëty	5852
xymyëjwa'kpätë	2926
xymyëjwa'kpätëty	4389
xymyëjyaxëtyä'äy	2926
xymyëkäjëtë	4389
xymyëkajpxëmën	2926
xymyëkajpxëty	16095
xymyëkajpxtë	7316
xymyëkajpxtës	8779
xymyëkajpxtëty	13168
xymyëkajpxtëtyës	2926
xymyëkäjpxy	40969
xymyëkäjpxyën	5852
xymyëkäjpxyës	87792
xymyëkjawë	4389
xymyëkjawëtë	2926
xymyëmay	74623
xymyëmayëtë	2926
xymyëmayëtëty	4389
xymyëmayëty	5852
xymyëmëta'akëty	7316
xymyëmëta'aktë	5852
xymyëmëta'aktëty	8779
xymyëmëta'aktëtyës	2926
xymyëmëtä'äky	7316
xymyëmëtakëmën	2926
xymyëmëtakmëty	4389
xymyëmëtoowtë	5852
xymyëmëtowa'antë	5852
xymyëmëtowa'antës	2926
xymyëmëtowëty	4389
xymyëmëtowtë	36580
xymyëmëtowtën	5852
xymyëmëtowtës	11705
xymyëmëtowtëty	10242
xymyëmëtoy	11705
xymyëmëtoyën	2926
xymyëmëtya'akëty	4389
xymyëmëtyä'äky	4389
xymyëmëtyakpën	2926
xymyëminëty	2926
xymyëminy	2926
xymyëmon	2926
xymyënax	14632
xymyënaxy	8779
xymyënëjkxëty	13168
xymyënëjkxta'atë	2926
xymyënëjkxtë	2926
xymyënëjkxtëty	21948
xymyënëjkxy	2926
xymyënu'kxta'aktëty	2926
xymyënu'kxy'äty	4389
xymyëpëjkëtë	5852
xymyëpëjkpën	2926
xymyëpëjkpës	8779
xymyëpëjktë	7316
xymyëpëjktsowëty	2926
xymyëpëjktsowtëty	4389
xymyëpëka'antë	4389
xymyëpëkëty	13168
xymyëpëktë	86329
xymyëpëktën	13168
xymyëpëktës	7316
xymyëpëktëty	38043
xymyëpëky	21948
xymyëpëkyën	2926
xymyëpekyës	2926
xymyëtajëty	8779
xymyëtajtë	14632
xymyëtajtën	5852
xymyëtajtëty	23411
xymyëtajy	17558
xymyëtajyën	2926
xymyëtänëtë	4389
xymyëtänëtëty	4389
xymyëtëkoyës	2926
xymyëtëkoytyë	7316
xymyëtëkoytyës	5852
xymyëtoow'itën	2926
xymyëtoow'itëty	21948
xymyëtoow'ity	7316
xymyëtoowë	4389
xymyëtoowkukëtëty	2926
xymyëtoowpaatëty	4389
xymyëtoowtë	2926
xymyëtowëty	8779
xymyëtowtë	26337
xymyëtowtën	13168
xymyëtowtëty	2926
xymyëtoy	8779
xymyëtoy'atë	11705
xymyëtoy'atëty	7316
xymyëtoyën	10242
xymyëtsip'ajtëmë	2926
xymyëtsip'ajtëmën	2926
xymyëtsip'ajtëpën	11705
xymyëtsip'atë	2926
xymyëtsip'atën	2926
xymyëtsip'atyën	2926
xymyëtsiptsoontëty	2926
xymyëtsiptsoony	4389
xymyëtsoontën	2926
xymyëtsoontëty	2926
xymyëtuna'antë	4389
xymyëtunëty	4389
xymyëtunëtyës	4389
xymyëtuntë	16095
xymyëtuntën	7316
xymyëtuntëpën	2926
xymyëtuntës	2926
xymyëtuntëty	16095
xymyëtuntëtyës	8779
xymyëtuny	8779
xymyëtunyës	4389
xymyëtuunpën	5852
xymyëtuuntëpën	5852
xymyëtuuntëpës	2926
xymyëwë'ëmy	2926
xymyëwinkon'atën	2926
xymyëwinkontë	11705
xymyëwinkontëty	4389
xymyëye'eyëty	2926
xymyo'oja'anëm	2926
xymyo'oja'anëmë	2926
xymyo'oja'anëmën	4389
xymyo'oja'antë	4389
xymyo'oja'any	5852
xymyo'ojëp	2926
xymyo'ojëty	39506
xymyo'ojëtyës	19021
xymyo'otë	45359
xymyo'otën	8779
xymyo'otënës	4389
xymyo'otëpën	2926
xymyo'otës	11705
xymyo'otëty	48285
xymyo'otëtyës	11705
xymyo'oy	127299
xymyo'oyëm	19021
xymyo'oyëmë	24874
xymyo'oyëmën	29264
xymyo'oyën	14632
xymyo'oyës	19021
xymyoopy	4389
xymyoopyën	11705
xymyoopyës	11705
xymyooy	4389
xymyooyën	5852
xymyooyës	2926
xymyooytyä'äy	7316
xymyooytyë	2926
xymyooytyëpën	7316
xymyooytyëpës	2926
xymyooytyës	2926
xynya'ëwtitë	4389
xynya'ëwtitëty	2926
xynya'ëwtity	2926
xynya'ixëty	2926
xynyaaxtääntëty	2926
xynyajts'ëyowëty	2926
xynyajts'ixëty	2926
xynyajtskëyëty	2926
xynyajtsmatsëtëty	2926
xynyajtspaatëty	4389
xynyakumëtoownaxy	2926
xynyamä'kxëty	2926
xynyatunëty	2926
xynyë'ëmo'oy	2926
xynyëëmën	2926
xynyëëmës	7316
xynyëëmëtë	8779
xynyëëmëtëty	4389
xynyëmaay	8779
xynyëmaayën	2926
xynyëmaayës	26337
xynyëmaaytyës	2926
xynyëxi'ik	29264
xynyëxi'iky	11705
xynyëxik	8779
xynyi	17558
xynyi'antaakëty	4389
xynyi'ënä'ämë	2926
xynyi'ënä'ämën	5852
xynyi'ënä'ämëty	2926
xynyi'ëw	2926
xynyi'iptëty	4389
xynyi'ipy	2926
xynyi'ojëtën	2926
xynyi'ojëty	2926
xynyija'awëtyä'äy	7316
xynyijä'tstëkooyës	2926
xynyija'ty	2926
xynyijawë	125836
xynyijawëja'any	2926
xynyijawën	5852
xynyijawëtë	168269
xynyijawëtën	27800
xynyijawëtëty	90719
xynyijawëty	48285
xynyikajpx	35117
xynyikajpxëty	27800
xynyikajpxpätë	4389
xynyikajpxpätëty	2926
xynyikajpxpës	2926
xynyikajpxta'ajëty	2926
xynyikajpxtë	11705
xynyikajpxtën	4389
xynyikajpxtëty	13168
xynyikäjpxy	27800
xynyikäjpxyën	35117
xynyikëtä'äkyës	2926
xynyimä'kxëty	2926
xynyimä'kxtë	4389
xynyimä'kxtëty	2926
xynyimay	10242
xynyimeenypyiky	2926
xynyimëtya'akëty	24874
xynyimëtya'aktë	21948
xynyimëtya'aktës	7316
xynyimëtya'aktëty	8779
xynyimëtyä'äky	7316
xynyimëtyä'äkyën	4389
xynyimëtyä'äkyës	4389
xynyimëtyakta'ajëty	2926
xynyimi'inëmë	2926
xynyimi'inmëty	4389
xynyimiinp	4389
xynyimiinpës	2926
xynyimiintëp	4389
xynyimiiny	4389
xynyimina'antë	2926
xynyiminëty	7316
xynyiminëtyës	7316
xynyimintë	13168
xynyimintës	23411
xynyimintëty	2926
xynyimintëtyës	2926
xynyiminy	19021
xynyiminyës	11705
xynyimon	4389
xynyinëjkxëty	2926
xynyinëjkxtë	11705
xynyinëjkxtëty	2926
xynyinëjkxy	2926
xynyino'okëty	4389
xynyino'oktë	4389
xynyino'oktëty	7316
xynyino'oky	2926
xynyipaye'ey	16095
xynyipaye'eyä'äny	5852
xynyipaye'eyën	4389
xynyipaye'eyëty	8779
xynyipaye'eyëtyës	2926
xynyipaye'eytyë	7316
xynyipaye'eytyëty	5852
xynyipëjkpätëty	2926
xynyipëjktaakë	2926
xynyipëjktaakëtëty	4389
xynyipëjktaakëty	4389
xynyipëtë'ëkëty	8779
xynyipëtë'ëktë	7316
xynyipëtë'ëktës	4389
xynyipëtë'ëky	8779
xynyipëtë'kmëty	2926
xynyipëtë'ktëpën	4389
xynyipotsëtën	2926
xynyitajë	2926
xynyitajëtë	2926
xynyitajëtënës	2926
xynyitëkëja'antë	5852
xynyitëkëtë	2926
xynyitëkëtëty	7316
xynyitëkëty	7316
xynyitëkëtyën	2926
xynyitsiptuny	2926
xynyitsokpë'ajtp	4389
xynyitsoontës	2926
xynyitukëty	2926
xynyitunën	7316
xynyitunëtën	4389
xynyiwa'aktë	4389
xynyiwa'aktëty	4389
xynyiwaantu'utëty	2926
xynyiwinpitë	5852
xynyiwinpitës	4389
xynyiwinpitëty	4389
xynyixajp	4389
xynyixajpën	5852
xynyixajpës	2926
xynyixajy	2926
xynyixëëwtuntë	2926
xynyixëëwtuntëty	8779
xynyiya'axtë	4389
xynyiyu'ujëtën	2926
xynyo'oktëty	2926
xyo'kmëmatsë	2926
xyo'kta'atë	2926
xyo'kta'ay	2926
xyo'tsnën	2926
xyo'tstaaynyë	4389
xyojxyp	5852
xyontë	2926
xyontëty	2926
xyony	8779
xyoonta'aka'antë	2926
xyoonta'akëty	2926
xyoonta'aktë	17558
xyoonta'aktën	4389
xyoonta'aktëty	5852
xyoontä'äky	13168
xyoontakën	10242
xyoontakënëty	4389
xyoontaknëtë	2926
xyoontaktë	11705
xyoontäky	2926
xyootsy	8779
xyootsyën	2926
xyox	5852
xyoxëty	8779
xyoxy'atë	2926
xyoxyëtyënë	2926
xypaatëty	16095
xypya'ëyo'owëmë	5852
xypya'ëyo'owmëp	2926
xypya'ëyow	7316
xypya'ëyowëty	5852
xypya'ëyowtë	2926
xypya'ëyowtëty	5852
xypya'ëyoy	7316
xypya'ëyoyën	2926
xypya'ixy	4389
xypyaat'ajtëm	2926
xypyaat'ajtëmë	8779
xypyaat'ajtp	2926
xypyaat'ajtpën	2926
xypyaat'aty	10242
xypyaata'antë	17558
xypyaata'any	8779
xypyaatë	55601
xypyaatën	4389
xypyaatës	2926
xypyaatëty	92182
xypyääty	45359
xypyäätyën	7316
xypyaja'të	2926
xypyajëtijta'aktë	2926
xypyajëtijtëpën	10242
xypyajëtitë	7316
xypyajëtitën	4389
xypyajëtitës	4389
xypyajëtitëty	5852
xypyajëtity	5852
xypyajëtityës	5852
xypyajëtiy	2926
xypyajjëtijnë	4389
xypyamiinpës	5852
xypyaminëty	2926
xypyaminëtyës	2926
xypyamintëty	2926
xypyaminy	2926
xypyaminyës	2926
xypyän	2926
xypyanëjkxëtëty	2926
xypyanëjkxëty	7316
xypyanëjkxpës	2926
xypyanëjkxtë	8779
xypyanëjkxtëjkënëtë	4389
xypyanëjkxtëjkënëtëty	2926
xypyanëjkxtëkëtë	2926
xypyanëjkxtëkëtëty	7316
xypyanëjkxtës	2926
xypyanëjkxtëty	4389
xypyanëjkxy	4389
xypyäntëty	2926
xypyapo'oy	2926
xypyata'antë	2926
xypyata'any	5852
xypyatëp	5852
xypyatp	11705
xypyatpën	10242
xypyatpës	10242
xypyatsoonëty	4389
xypyatsoontëty	2926
xypyatuna'any	2926
xypyatunëty	7316
xypyatuntë	24874
xypyatuntëty	32190
xypyatuny	13168
xypyatuunë	2926
xypyatuunëtë	4389
xypyatuunëtëty	4389
xypyäty	2926
xypyäxtëty	2926
xypyaye'eyë	4389
xypyaye'eyëty	10242
xypyaye'eytyë	5852
xypyaye'eytyëty	11705
xypyëjk'ijtp	4389
xypyëjkë	27800
xypyëjkë'ëkëty	7316
xypyëjkë'ëktën	4389
xypyëjkë'ëktëty	2926
xypyëjkë'ëky	2926
xypyëjkëjantëpës	2926
xypyëjkëmëty	2926
xypyëjkës	2926
xypyëjkëtë	13168
xypyëjkëtën	4389
xypyëjkëtëty	7316
xypyëjkëty	11705
xypyëjkëtyës	2926
xypyëjkmuktë	2926
xypyëjkmuktëty	4389
xypyëjkta'aka'antë	2926
xypyëjkta'akëty	89255
xypyëjkta'aktë	19021
xypyëjkta'aktëty	36580
xypyëjktä'äky	57065
xypyëjktä'äkyën	20484
xypyëjktä'äkyës	8779
xypyëjktakë	2926
xypyëjktakëm	2926
xypyëjktakëty	5852
xypyëjktakta'ajëty	7316
xypyëjktakta'ay	4389
xypyëjktsowtën	2926
xypyëjktsoy	4389
xypyëjktsoyën	2926
xypyëjkwa'kxëty	2926
xypyëjkwa'kxtë	2926
xypyëka'any	4389
xypyëkëty	4389
xypyëktëty	14632
xypyiky	2926
xypyojkpës	2926
xypyokëty	20484
xypyoktë	2926
xypyoky	4389
xypyokymyä'kxëty	16095
xypyokymyä'kxtëty	2926
xypyokymye'kxy	4389
xypyujëty	2926
xypyujtë	2926
xypyukajpxën	2926
xypyukajpxëp	2926
xypyupäjtp	4389
xypyutëjk	4389
xypyutëjkëmë	10242
xypyutëjkëmëp	5852
xypyutëjkëmëty	4389
xypyutëjkëp	10242
xypyutëjkëpën	7316
xypyutëjkëpës	5852
xypyutëjkëtëpës	2926
xypyutëjkëtyëpën	2926
xypyutëk	4389
xypyutëkë	30727
xypyutëkëja'anëmë	2926
xypyutëkën	10242
xypyutëkëp	7316
xypyutëkëpën	2926
xypyutëkës	2926
xypyutëkëtë	4389
xypyutëkëtën	2926
xypyutëkëtëp	2926
xypyutëkëtës	8779
xypyutëkëtëty	7316
xypyutëkëtëtyës	4389
xypyutëkëty	19021
xypyutëkëtyës	2926
xypyuwa'akëtëty	4389
xypyuxtëty	2926
xyTios'ajt	4389
xyTios'ajtp	4389
xyTios'atë	5852
xyTios'atëp	2926
xyTios'atëty	4389
xytsyë'ëkë	5852
xytsyë'ëkëtë	4389
xytsyë'ëkëtën	2926
xytsyë'ëkëtëty	16095
xytsyë'ëkëty	13168
xytsyë'këpës	2926
xytsyëëm'itëty	2926
xytsyojkëm	13168
xytsyojkëmë	7316
xytsyojkëmën	7316
xytsyojkën'atën	2926
xytsyojkën'atëty	5852
xytsyojkp	5852
xytsyojkpë	2926
xytsyojkpën	2926
xytsyojkpës	10242
xytsyojktëpës	4389
xytsyokëty	7316
xytsyoktë	29264
xytsyoktën	8779
xytsyoktës	2926
xytsyoktëty	13168
xytsyoky	54138
xytsyokyën	13168
xytsyoowpatën	2926
xytsyu'tsnëtë	2926
xytsyu'utsëty	5852
xytsyu'utstë	27800
xytsyu'utstën	4389
xytsyu'utstëty	38043
xytsyu'utsy	2926
xytsyumtë	2926
xytyääm	2926
xytyäämë	2926
xytyajëtë	2926
xytyajtën	2926
xytyäjy	2926
xytyatsk	2926
xytyeety'atë	5852
xytyeety'atëp	2926
xytyeety'äty	4389
xytyëjkmo'otë	2926
xytyemy	4389
xytyijëtitëty	2926
xytyijëty	8779
xytyijëtyës	2926
xytyijnaxëty	4389
xytyijtë	20484
xytyijtëty	20484
xytyijy	4389
xytyim	24874
xytyim'amëtowtëty	2926
xytyim'ijxmajtsnë	2926
xytyim'ixëty	4389
xytyim'ixtë	2926
xytyim'ixtëty	5852
xytyim'ixy	5852
xytyimmëët'atëty	2926
xytyimmëpëjkta'ajëty	2926
xytyimmooynyë	2926
xytyimmooynyëtë	2926
xytyimnikäjpxy	2926
xytyimnimintëty	2926
xytyimpëjktä'äky	2926
xytyimtsë'ëkëtëty	4389
xytyimtsoktë	2926
xytyimtukjoot'anpëky	4389
xytyimtuknipëjktaakëty	2926
xytyimtukxi'iky	2926
xytyimtunëty	7316
xytyimtuntë	4389
xytyimtuntën	2926
xytyimtuntëty	4389
xytyimtunyën	2926
xytyimyaj'itëty	2926
xytyimyaj'ookantëpës	2926
xytyimyaj'ooktë	2926
xyTyios'ajtëp	4389
xyTyios'ajtp	4389
xyTyios'atë	11705
xyTyios'atës	2926
xytyiytyë	2926
xytyiytyëty	2926
xytyiytyu'unëmë	4389
xytyiytyuna'any	2926
xytyiytyunëp	10242
xytyiytyunëty	5852
xytyiytyuntëty	4389
xytyiytyuny	8779
xytyo'ktë	2926
xytyo'oxytyëjk'atëty	4389
xytyontëty	4389
xytyony	7316
xytyookëty	2926
xytyooktëty	2926
xytyooky	5852
xytyu'umo'omyëty	2926
xytyu'unëmë	5852
xytyu'unëmën	2926
xytyu'unmëty	5852
xytyu'uwinwijtsp	4389
xytyu'uwinwitsy	2926
xytyu'uwinwoop	4389
xytyu'uwinwowëty	5852
xytyu'uwinwowtëpën	2926
xytyu'uwinwoy	8779
xytyuk'ënä'ämpën	5852
xytyuk'ënä'ämtës	2926
xytyuk'ëne'emy	17558
xytyuk'ëne'emyën	20484
xytyuk'ëne'emyënës	5852
xytyuk'ëne'emyës	2926
xytyuk'ënu'kxtë	2926
xytyuk'ënu'kxy	2926
xytyuk'ënu'kxyën	4389
xytyuk'ëwa'anëmën	4389
xytyuk'ëwa'anëmëty	4389
xytyuk'ëwa'anëtëpës	2926
xytyuk'ëwaanë	19021
xytyuk'ëwaanën	5852
xytyuk'ëwaanës	2926
xytyuk'ëwaanëtë	8779
xytyuk'ëwaanëtës	2926
xytyuk'ëwaanëtëty	19021
xytyuk'ëwaanëtëtyës	2926
xytyuk'ëwaanëty	30727
xytyuk'ijx	5852
xytyuk'ijxëm	5852
xytyuk'ijxëmë	5852
xytyuk'ijxpäjtpën	2926
xytyuk'ijxpätë	5852
xytyuk'ijxpätën	2926
xytyuk'ijxpätëty	11705
xytyuk'ijxpëky	2926
xytyuk'ijxpety	11705
xytyuk'ijxyës	4389
xytyuk'itë	2926
xytyuk'itëty	2926
Xytyuk'ixëpës	2926
xytyuk'ixëty	4389
xytyuk'ixtë	5852
xytyuk'ixtën	2926
xytyuk'ixtëty	4389
xytyuk'ixy	23411
xytyuk'ixyën	5852
xytyuk'ixyës	5852
xytyuk'oy'atë	4389
xytyuk'oy'atëty	8779
xytyuk'oy'attëty	7316
xytyukja'ty	8779
xytyukjoot'anpëjkëmë	4389
xytyukjoot'anpëkëty	8779
xytyukjoot'anpëktë	5852
xytyukjoot'anpëky	10242
xytyukjotkëtä'äky	2926
xytyukjotkujk'atëty	4389
xytyukka'ayës	2926
xytyukkë'ëtëkëtëty	2926
xytyukkëtä'äky	5852
xytyukkoytyëty	2926
xytyukkujaaxëty	2926
xytyukkujaaxy	2926
xytyukkumayën	4389
xytyukkumaytyë	2926
xytyukkumëtowëty	5852
xytyukkumëtoy	2926
xytyukkuutsëty	2926
xytyukkuwintuk'ookëty	2926
xytyukmeenypyääty	2926
xytyukmëj'aty	4389
xytyukmëkäjpxy	2926
xytyukmëmëtya'akëty	7316
xytyukmëmëtya'akëtyës	2926
xytyukmëmëtya'aktë	2926
xytyukmëmëtya'aktës	2926
xytyukmëmëtya'aktëty	4389
xytyukmëmëtya'aktëtyës	4389
xytyukmëmëtyä'äky	4389
xytyukmënenyës	2926
xytyukmëyakëtë	4389
xytyukmëyakëtëty	7316
xytyukmëyoxëty	2926
xytyukmin	2926
xytyuknajxnëtë	7316
xytyuknajxtë	2926
xytyuknaxëty	4389
xytyuknaxtë	2926
xytyuknaxtëty	7316
xytyukni	39506
xytyuknija'awëm	4389
xytyuknija'awëmë	8779
xytyuknija'awëmën	5852
xytyuknija'awëmëty	4389
xytyuknijawë	14632
xytyuknijawës	5852
xytyuknijawëtëty	4389
xytyuknijawëty	8779
xytyuknikäjxëmë	4389
xytyuknikäxtë	2926
xytyuknikäxtën	2926
xytyuknikejxy	4389
xytyuknikexy	4389
xytyuknikexyën	4389
xytyuknikexyës	5852
xytyuknikoyëty	2926
xytyuknimi'inëm	2926
xytyuknimiintëpës	2926
xytyuknimintëty	2926
xytyuknipëjktaakë	5852
xytyuknipëjktaakën	14632
xytyuknipëjktaakëtë	2926
xytyuknipëjktaakëtën	2926
xytyuknipëjktaakëtëty	2926
xytyuknipëjktaakëty	4389
xytyuknipëjktakëmë	7316
xytyuknipëkëty	7316
xytyuknipëktë	5852
xytyuknipëktën	4389
xytyuknipëktës	2926
xytyuknipëky	13168
xytyuknipëkyën	4389
xytyuknipëkyës	7316
xytyukniwa'atsy	2926
xytyukniwitsëty	10242
xytyuknixijkxëty	2926
xytyuknixijkxy	2926
xytyukpaaty	2926
xytyukpëktëty	2926
xytyukpoky'atëty	2926
xytyukpu'ujë	2926
xytyukpu'ujën	2926
xytyukputëjkëpës	2926
xytyuktëjkëyës	5852
xytyuktëkë	8779
xytyuktëkëtë	2926
xytyuktëkëtëty	4389
xytyuktsëtyuny	2926
xytyuktsëtyuumpës	2926
xytyukwinkuwowë	2926
xytyukwinmëtowtëty	4389
xytyukwinmëtoy	4389
xytyukwino'ok	2926
xytyukwintsë'ëkë	2926
xytyukwintsë'ëkëja'antëty	2926
xytyukwintsë'ëkëja'any	2926
xytyukwintsë'ëkëtë	10242
xytyukwintsë'ëkëtës	2926
xytyukwintsë'ëkëtëty	8779
xytyukwintsë'ëkëtëtyës	5852
xytyukwintsë'ëkëty	11705
xytyukwintsë'ëkëtyës	2926
xytyukwintuk'ookëty	2926
xytyukwinwa'anëmën	8779
xytyukwinwanë	11705
xytyukwinwanën	24874
xytyukwinwanëtë	5852
xytyukwinwanëtën	5852
xytyukxi'ikëty	2926
xytyukxi'iktë	16095
xytyukxi'iktës	4389
xytyukxi'iktëty	7316
xytyukxi'iktëtyës	4389
xytyukxi'iky	13168
xytyukxiktëpën	2926
xytyukxon	5852
xytyukxoonta'akëty	5852
xytyukxoonta'aktë	2926
xytyukxoonta'aktëty	7316
xytyukxoontä'äky	8779
xytyukxoxtëty	2926
xytyuna'anëty	4389
xytyuna'antë	19021
xytyuna'antës	2926
xytyuna'any	16095
xytyuna'anyës	2926
xytyunëty	111203
xytyunëtyën	5852
xytyuntë	149247
xytyuntën	52675
xytyuntës	2926
xytyuntëty	153637
xytyuntëtyën	8779
xytyuny	212165
xytyunyë	4389
xytyunyën	81939
xytyuunëtë	4389
xytyuunk'ata'antë	2926
xytyuunk'atëty	7316
xytyuunk'aty	2926
xytyuunk'atyën	2926
xytyuunp	2926
xytyuunpë'ajtëpës	2926
xytyuunpë'ajtp	8779
xytyuunta'ajëty	2926
xytyuunta'atë	2926
xytyuunta'atëty	2926
xytyuunta'ay	5852
xytyuuntë	2926
xytyuuntëkoy	13168
xytyuuntëkoyën	5852
xytyuuntëkoytyën	7316
xytyuuntëp	2926
xytyuuntëpës	4389
xytyuuntëpëty	2926
xytyuunwinpitëty	5852
xytyuuny	4389
xytyuunyën	7316
xyu'kën	2926
xyu'umtë	2926
xyu'utsy	2926
xyu'uxëty	5852
xyu'uxtë	4389
xyu'uxtëty	2926
xyu'uxy	11705
xyuuka'any	4389
xyuukëty	7316
xyuuky	23411
xyuukyën	10242
xyuxn	10242
xyuxnëty	10242
xyuxtëty	4389
xyuyëtyën	4389
xywin'ëëny	5852
xywin'ixy	4389
xywin'ixyën	5852
xywinkutsë'ëkëtëty	2926
xywoownëjkxëty	4389
xywoownëjkxy	2926
xywoowtsowtë	2926
xywowëty	2926
xywya'antëty	7316
xywyaanta'akëty	2926
xywyaanta'aktën	5852
xywyanëtë	2926
xywyiink'ixëty	2926
xywyiinkjawëty	2926
xywyijtsë'ëky	5852
xywyijtswinpijtën	2926
xywyimpux	4389
xywyin'ëëntë	2926
xywyin'ëëny	16095
xywyin'ëënyës	7316
xywyin'ijxëmë	2926
xywyin'ixtën	4389
xywyin'ixtëty	8779
xywyin'ixy	10242
xywyin'ixyën	14632
xywyinjawëtëty	4389
xywyinka'atstëty	2926
xywyinkäjpxy	2926
xywyinkoxtänëtës	2926
xywyinkoxtänëtëty	2926
xywyinkoxtänëty	4389
xywyinkuma'ayën	7316
xywyinkutsë'ëkë	4389
xywyinkutsë'ëkëtë	4389
xywyinkutsë'ëkëtën	2926
xywyinkuwa'akëja'any	2926
xywyinkuwa'akëtë	2926
xywyinkuwa'akëtëty	4389
xywyinkuwa'akëty	5852
xywyinkuwa'akëtyës	2926
xywyinkuxtënääpyës	2926
xywyinkuyu'utsy	2926
xywyinma'any'ixëty	4389
xywyinma'any'ixtës	4389
xywyinma'any'ixy	2926
xywyinmay	2926
xywyintë'kxy	7316
xywyintsë'ëkëtë	13168
xywyintsë'ëkëtën	2926
xywyintsë'ëkëtës	2926
xywyintsë'ëkëtëty	5852
xyWyintsën'ajtëp	2926
xyWyintsën'ajtp	2926
xywyintsën'atë	2926
xywyinwanën	21948
xywyinxitëty	4389
xywyinye'ey	2926
xywyitstëty	2926
xywyitsy	2926
xywyixtë	2926
xywyoowminëty	4389
xywyoownëjkxëty	5852
xywyoownëjkxy	11705
xywyoownëjkxyës	10242
xywyoowpëtsëëmy	4389
xywyoowtsowtë	13168
xywyopy	4389
xywyowëty	2926
xywyowtë	2926
xywyoy	2926
y'a'ijx	2926
y'a'ijxëp	8779
y'a'ijxëyën	2926
y'a'ijxyp	4389
y'a'ixëp	10242
y'a'ookën	2926
y'a'oyëty	2926
y'a'oykyë'ë	14632
y'a'oykyë'ëjën	16095
y'a'ukën	20484
y'a'ux'atë	2926
y'aanë'ëk	4389
y'aank	2926
y'aankën	4389
y'aankëtyën	2926
y'aankjoty	2926
y'aanpëky	5852
y'aantä'äky	4389
y'aantä'äkyën	4389
y'aats	7316
y'aatsëty	4389
y'aaw	839882
y'aaw'ajtyp	8779
y'aawën	23411
y'aawëty	4389
y'aawëtyën	10242
y'aawjoty	27800
y'ääy	42433
y'ääypyajk	4389
y'ääytyëëm	2926
y'ajäänë'ëkën	2926
y'ajaj	2926
y'ajajy	11705
y'ajämë	4389
y'ajawë	2926
y'äjkën	2926
y'äjty	43896
y'äjtyëjk	7316
y'äjtyëjkëty	2926
y'äjtyën	2926
y'äjtytyëjk	11705
y'ajuy	2926
y'ak	7316
y'aka'any'äämpy	5852
y'aka'anytsyow	4389
y'akajpxëpën	2926
y'akajpxtëpën	4389
y'akäjpxy	2926
y'akäjpxypën	7316
y'äkë	87792
y'akë'ë	5852
y'akë'ë'ajtypyën	5852
y'akëëytyuk	7316
y'akëëytyukëty	4389
y'akëjxënë	2926
y'akëta'akëty	2926
y'akëtä'äky	2926
y'akëtäky	5852
y'akëty	4389
y'äkëty	4389
y'akëxë'ëkë	10242
y'akëxë'ëkën	4389
y'akëxë'ëkëtë	2926
y'akëxë'ëkëty	4389
y'ako'onën	51212
y'ako'onën'aty	2926
y'ako'onënëty	13168
y'akootsëtyën	2926
y'akootstuuyëty	2926
y'akootstuuyëtyën	2926
y'akujk'at	2926
y'akwanëty	2926
y'amay	11705
y'amëtoopy	14632
y'amëtoopyën	7316
y'amëtoow	4389
y'amëtoow'ijtëpën	11705
y'amëtoow'ijtyp	10242
y'amëtoowtëp	7316
y'amëtoowtëpën	14632
y'amëtowëp	4389
y'amëtoyë	7316
y'amin	4389
y'amonëty	2926
y'amontëty	2926
y'amu'uy	7316
y'amu'uyën	5852
y'amutskë	2926
y'ana'any	4389
y'anajnykyë'ë	5852
y'anajnykyë'ëjën	4389
y'anäp	2926
y'anäpëtë	5852
y'anë'ëk	8779
y'anëë	2926
y'anëmë	5852
y'anëty	7316
y'anklës	42433
y'anklësën	4389
y'anklëstëjk	16095
y'anta'aktë	11705
y'antä'äky	5852
y'antä'äkyën	2926
y'antijpy	11705
y'äny	10242
y'änyën	39506
y'ap	62918
y'ap'ajt	16095
y'ap'ajtëp	2926
y'ap'ajtëpën	2926
y'apaatë	2926
y'apaatën	2926
y'apajk	2926
y'apäjnë	8779
y'apäjtën	2926
y'apatëtyääy	2926
y'apëjk	10242
y'apejty	7316
y'apety	5852
y'apëty	7316
y'apetyën	36580
y'api'its	2926
y'äpk	4389
y'apojtsë'ëkyëtyën	5852
y'apteety	7316
y'apteetyën	2926
y'aptëjk	76086
y'aptëjkëty	7316
y'apu'uyë	2926
y'atääm	2926
y'ate'empy	2926
y'atë'kx	5852
y'atë'kxën	2926
y'atë'kxëty	2926
y'atë'kxy	17558
y'atëëy	17558
y'atëëytyujkypyën	2926
y'atëëytyukëtyën	2926
y'atëkë	2926
y'atëkooytyä'äy	8779
y'atëkoy	11705
y'atëkoyëty	11705
y'atënaaytyëpën	8779
y'atëwa'any	7316
y'atëwëty	48285
y'atëy	24874
y'atonyën	2926
y'atoonë	2926
y'atsë'ëk	2926
y'atsip	2926
y'atsipëtë	2926
y'atsipëty	5852
y'atsojkpy	4389
y'atsojkpyën	8779
y'atsojktëp	4389
y'atsojktëpën	2926
y'atsoky	8779
y'ätstë	11705
y'atsu'uts	2926
y'atu'unën	8779
y'awäämpyën	2926
y'awaay	13168
y'awaayëty	2926
y'awinax	58528
y'awinax'ajtypyën	4389
y'awinaxëty	39506
y'awinaxëtyën	7316
y'awinpijnë	17558
y'awinpijnëtë	2926
y'awinpijta'aja'any	2926
y'awinpijta'atë	10242
y'awinpijta'atëty	2926
y'awinpijta'ay	8779
y'awinpijtë	2926
y'awinpijty	24874
y'awinpita'antë	8779
y'awinpita'any	45359
y'awinpitë	8779
y'awinpitëty	38043
y'awinpity	90719
y'awinpityën	5852
y'awits	2926
y'äy	14632
y'ayajk	65844
y'ayajkën'at	5852
y'ayajkën'aty	4389
y'aye'ey	2926
y'ayeny'atëty	24874
y'ayeny'äty	2926
y'ayenyajtën	2926
y'ayenyëty	76086
y'ayuk	756479
y'ayuk'ajtyp	7316
y'ayukën	5852
y'ayukëty	29264
y'ayukwinpëtsëmy	2926
y'ayuu'ajtë	4389
y'ayuu'ata'antë	5852
y'ayuu'atë	11705
y'ayuu'atëty	11705
y'ayuu'aty	2926
y'ëëts'atë	4389
y'ëëwtaaytyë	2926
y'ëëwtëkoy	2926
y'ëjën	2926
y'ëjtë	4389
y'ëjtsëty	57065
y'ejtsy	2926
y'ëjx	43896
y'ëjx'ajtyp	2926
y'ëjx'ajtypyën	2926
y'ëjxën	2926
y'ëk'ëëw	5852
y'ëk'ëna'any	4389
y'ëk'ënanë	8779
y'ëk'ënanëty	2926
y'ëk'ëtsoy	2926
y'ëk'ëxëëk	2926
y'ëk'ijnë	7316
y'ëk'ijnëtë	2926
y'ëk'ijnëty	2926
y'ëk'ijt	2926
y'ëk'ijtpën	5852
y'ëk'ijxnë	5852
y'ëk'itanë	2926
y'ëk'o'knëtë	2926
y'ëk'o'knëtëty	4389
y'ëk'o'knëty	4389
y'ëk'o'ktaaynyëtëty	2926
y'ëk'ooky	5852
y'ëk'u'unk	2926
y'ëkëty	7316
y'ëkëxë'knë	2926
y'ëkja'akyujkëp	2926
y'ëkja'akyukëp	2926
y'ëkjää'ajtnëty	2926
y'ëkjajnë	2926
y'ëkjajtë	7316
y'ëkjajtënë	2926
y'ëkjajtëpën	4389
y'ëkjajty	13168
y'ëkjënajknëty	2926
y'ëkjëtu'un'ajnë	7316
y'ëkjëtu'un'aty	2926
y'ëkjëtu'unëty	10242
y'ëkjuukpyëjknëtë	2926
y'ëkjuuky'ajnë	4389
y'ëkkëjxy	7316
y'ëkkëpejty	4389
y'ëkkëxë'knë	2926
y'ëkkopkpëky'ajnë	8779
y'ëkkutëkooynyë	2926
y'ëkmaayënëtë	7316
y'ëkmëj'ijxënëtë	2926
y'ëkmëpëkäämpy	2926
y'ëkmëtaknë	8779
y'ëkmëtaknëtë	7316
y'ëkmëtänëp	2926
y'ëkmëtowäämpy	2926
y'ëkmëxu'unk'ajty	17558
y'ëkmiiny	4389
y'ëkmintë	4389
y'ëknajxy	19021
y'ëknaxy	5852
y'ëknëjkxnë	2926
y'ëknija'ap	5852
y'ëkpatëty	2926
y'ëkpëjknë	2926
y'ëkpëtë'knëtë	5852
y'ëkpëyë'knëtëty	4389
y'ëktsënaaynyë	4389
y'ëktso'onpë	2926
y'ëktsoowpatnë	4389
y'ëktuny	2926
y'ëktunyë	2926
y'ëktuun	14632
y'ëktuunë	7316
y'ëktuunën	5852
y'ëktuunëty	2926
y'ëktuunnë	4389
y'ëkwanëty	2926
y'ëkwë'ëmëty	2926
y'ëkwë'ëmnë	2926
y'ëkwijnëtëty	2926
y'ëkwinma'anypyatnë	2926
y'ëkwinpijnë	4389
y'ëkwinpijnëtë	7316
y'ëkwinpijnëty	2926
y'ëkwintänëp	2926
y'ëkyääk	2926
y'ëkyaj'ijxnë	5852
y'ëkyaj'ixanë	2926
y'ëkyajja'amyäjtsnëty	2926
y'ëkyajktsokpy	2926
y'ëkyajmëtoownë	8779
y'ëkyajnija'awënë	2926
y'ëkyajpatnë	17558
y'ëkyajpatnëtë	4389
y'ëkyajtuunë	2926
y'ëkyaxnë	2926
y'ekyë	2926
y'ëmaayëty	2926
y'ëmaaytya'aka'any	5852
y'ëmaaytya'akëty	2926
y'ëmaaytyä'äky	13168
y'ëmaaytyä'äkyën	29264
y'ëmontëty	4389
y'ëmoontaaytyë	5852
y'ënä'äm	7316
y'ënä'äma'any	5852
y'ënä'ämën	359949
y'ënä'ämënën	2926
y'ënä'ämënëty	5852
y'ënä'ämëtë	7316
y'ënä'ämëtën	4389
y'ënä'ämëty	51212
y'ënä'ämnë	2926
y'ënä'ämpëtëjk	4389
y'ënä'ämpëtëjkëty	4389
y'ënä'ämtääpy	11705
y'ënä'ämtääpyën	2926
y'ënä'ämtakn	8779
y'ënä'ämtë	14632
y'ënä'ämtën	62918
y'ënä'ämtëpën	5852
y'ënä'ämtëty	8779
y'ëna'ana'antë	14632
y'ëna'ana'antën	4389
y'ëna'ana'any	14632
y'ëna'anëty	73160
y'ëna'anëtyën	4389
y'ëna'antë	377508
y'ëna'antën	74623
y'ëna'antëty	46822
y'ëna'antëtyën	4389
y'ënä'äny	1090091
y'ënä'änyën	223871
y'ëna'k	891094
y'ëna'k'ajt	23411
y'ëna'k'ajtë	5852
y'ëna'k'ajtën	2926
y'ëna'k'ajty	4389
y'ëna'k'ajtyën	4389
y'ëna'k'ajtypyën	8779
y'ëna'k'atyën	2926
y'ëna'kën	49749
y'ëna'këty	234113
y'ëna'këtyën	5852
y'ëna'ktëjk	4389
y'ënaan'ëtë'ëtstë	2926
y'ënaan'ëtë'ëtsy	24874
y'ënaan'ëtëtsy	2926
y'ënaankojnëpë	13168
y'ënaanpë	7316
y'ënaanpëty	7316
y'ënaantä'äky	4389
y'ënaanta'atë	2926
y'ënaantaay	14632
y'ënaantaaytyë	4389
y'ënaantaktë	4389
y'ënaantäky	5852
y'ënanë	4389
y'ënanëtë	7316
y'ënantë	191680
y'ënantën	8779
y'ënäny	772574
y'ënänyën	23411
y'ëne'empy	10242
y'ëne'empyën	10242
y'ënë'ëmxëtë	36580
y'ënë'ëmxëtën	24874
y'ënë'ëmxëtëty	2926
y'ënë'ëmxëty	79013
y'ënë'ëmxëtyën	54138
y'ëne'emy	83402
y'ëne'emyë	5852
y'ëne'emyën	122909
y'ënëmaay	10242
y'ënëmaayë	358486
y'ënëmaayën	17558
y'ënëmaayëtë	273620
y'ënëmaaytyën	4389
y'ënu'kxë	4389
y'ënu'kxën	13168
y'ënu'kxënyë	8779
y'ënu'kxëtë	2926
y'ënu'kxëtën	11705
y'ënu'kxëtyääynyë	2926
y'ënu'kxëtyääynyëtë	8779
y'ënyääypyäjn	13168
y'ënyääypyäjnën	7316
y'ënyääypyäjnëtyën	2926
y'ënyääytyakn	10242
y'ënyääytyaknën	2926
y'ënyääytyaknpëjktë	2926
y'ëtë'ëts	7316
y'ëtë'ëtsëty	4389
y'ëtë'ëtstë	80476
y'ëtë'ëtstën	48285
y'ëtë'ëtstënë	5852
y'ëtë'ëtstëty	4389
y'ëtëtsmonëty	2926
y'ëtëtsnëtë	2926
y'ëtëtsta'aka'any	2926
y'ëtëtstä'äky	13168
y'ëtëtstäky	4389
y'ëtëtstë	17558
y'ëtëtstën	17558
y'ëti'itsy	80476
y'ëti'itsyën	14632
y'ëti'ityën	11705
y'ëtitsy	5852
y'ëtitsyën	2926
y'ëtity	2926
y'ëtsë'ëkëtëty	2926
y'ëtsë'ëkëty	7316
y'ëtsë'këp	4389
y'ëtsoowë	137541
y'ëtsoowëtë	118519
y'ëtsoowinpijtë	14632
y'ëtsoowinpijty	10242
y'ëtsoowinpity	5852
y'ëtsoowinpityë	2926
y'ëtsoowinpityën	4389
y'ëtsoowtaaytyë	2926
y'ëtsoowtë	204849
y'ëtsooy	842808
y'ëtsowa'anëtë	2926
y'ëtsowa'any	4389
y'ëtsowëtë	13168
y'ëtsowëty	2926
y'ëtsowtë	23411
y'ëtsowtën	4389
y'ëtsowtëty	24874
y'ëtsoy	76086
y'ëtsoyë	21948
y'ëtsoyën	14632
y'ëtsu'uxyaxtëp	2926
y'etsy	4389
y'ëtujknë	2926
y'ëtujkpyën	2926
y'ëtujky	2926
y'ëtukëtëty	4389
y'ëtukëty	2926
y'ëtukëtyën	4389
y'ëtuky	7316
y'ëtukyën	8779
y'ëwa'an'ajtën	2926
y'ëwa'atsëty	13168
y'ëwa'atsëtyën	8779
y'ëwa'atstë	4389
y'ëwa'atsy	7316
y'ëwaatsëpëtsëëmtë	2926
y'ëwaatsëpëtsëmëty	4389
y'ëwaatsëpëtsëmtë	2926
y'ëwaatsëpëtsëmtëty	5852
y'ëwaatsëpëtsëmyën	2926
y'ëwaatsëtyën	4389
y'ëwatsta'ay	2926
y'ëwatsy	19021
y'ëwatsyp	5852
y'ëwë'ëktë	5852
y'ëwëtityën	2926
y'ëwëty	2926
y'ëwtajtën	79013
y'ëwtajtëp	13168
y'ëwtajtëpën	207775
y'ëwtajtyp	4389
y'ëwtajtypyën	39506
y'ëwtatë	2926
y'ëwtatëp	2926
y'ëwtatëpën	2926
y'ëwtatyp	2926
y'ëwtë	23411
y'ëwtën	5852
y'ëwtëty	13168
y'ëwtijtë	2926
y'ëwtijtë'ëky	5852
y'ëwtijty	2926
y'ëwtita'any	2926
y'ëwtity	26337
y'ëwtityën	36580
y'ëwxijtëp	10242
y'ëwxijtëpën	2926
y'ëwxijtyp	2926
y'ëwxitë	2926
y'ëwxitëty	2926
y'ëwxity	13168
y'ëwxityën	2926
y'ëxajëjäämpy	5852
y'ëxajëjantëp	2926
y'ëxajëp	8779
y'ëxajëpën	10242
y'ëxajëtë	4389
y'ëxajëty	4389
y'ëxajëtyën	4389
y'ëxajëyën	10242
y'ëxëëk	119983
y'ëxëëk'ajtën	4389
y'ëxëëk'ajtënëty	7316
y'ëxëëk'ijxtëp	2926
y'ëxëëk'ijxtëpën	5852
y'ëxëëk'ijxyp	23411
y'ëxëëk'ijxypyën	19021
y'ëxëëk'ixy	2926
y'ëxëëk'ixyë	2926
y'ëxëëkë	4389
y'ëxëëkën	4389
y'ëxëëkëty	4389
y'ëxëëkjot	21948
y'ëxëëkkajpxën	2926
y'ëxëëkkajpxënëty	4389
y'ëxëëkpëty	2926
y'ëxëëktëkë	4389
y'ëxëëktu'un	45359
y'ëxëëktu'unën	10242
y'ëxëëktu'unënëty	2926
y'ëxëëkwit	2926
y'ëxmajtsë	4389
y'ëxmajtsën	2926
y'ëxmajtsënëtë	2926
y'ëxmajtsëtë	11705
y'ëxmajtstëpën	2926
y'ëxmajtsyp	8779
y'ëxmajtsypyën	8779
y'ëxmatsa'anëtë	2926
y'ëxmatsa'anyë	4389
y'ëxmatsäämpy	2926
y'ëxmatsëp	2926
y'ëxmatsëtë	8779
y'ëxmatsyë	10242
y'ëxmatsyën	4389
y'ëxmatsyp	2926
y'ëxtsyaa	2926
y'ëxwä'ätsë'ky	2926
y'ëxwojptääpy	2926
y'ëyë'ëktë	2926
y'ëyo'on	5852
y'ëyo'onpaata'anyën	2926
y'ëyo'onpaatëty	5852
y'ëyoownë	4389
y'ëyooy	4389
y'ëyooyën	4389
y'ëyowa'any	7316
y'ëyowëty	10242
y'ëyowtë	14632
y'ëyowtën	7316
y'ëyowtëty	4389
y'ëyoy	30727
y'ëyoyën	7316
y'i'px	38043
y'iitsy	17558
y'ijnë	19021
y'ijnëtë	11705
y'ijnëty	2926
y'ijt	2926
y'ijta'aktën	11705
y'ijta'atë	4389
y'ijtakn	21948
y'ijtaknën	17558
y'ijtaknëtyën	14632
y'ijtë	62918
y'ijtën	2926
y'ijtëwëty	5852
y'ijtëy	40969
y'ijtëyën	2926
y'ijtmuktë	2926
y'ijtmuktëty	2926
y'ijtmuky	2926
y'ijtpë	4389
y'ijty	127299
y'ijtyën	43896
y'ijx	4389
y'ijx'ëwëtijty	2926
y'ijx'ëwtijty	4389
y'ijx'ijtëp	5852
y'ijx'ijtëpën	10242
y'ijx'ijtyp	17558
y'ijx'ijtypyën	2926
y'ijx'it	7316
y'ijxë	10242
y'ijxë'ëktë	2926
y'ijxë'ëky	10242
y'ijxë'ky	5852
y'ijxën	19021
y'ijxëtë	13168
y'ijxma'atë	2926
y'ijxnaxy	2926
y'ijxnë	4389
y'ijxnëty	2926
y'ijxpatë	8779
y'ijxpatëtë	4389
y'ijxpëjkën	33653
y'ijxpëjkënëty	8779
y'ijxpëjkpë	32190
y'ijxpëjkpë'ajtypyën	2926
y'ijxpëjkpëtëjk	389213
y'ijxpëjkpëtëjkën	13168
y'ijxpëjkpëtëjkëty	8779
y'ijxpëjkpëtëjkëtyën	2926
y'ijxpëjky	4389
y'ijxpëktë	5852
y'ijxpëky	2926
y'ijxpëky'ajtën	2926
y'ijxtääpy	5852
y'ijxtaaytyëpën	20484
y'ijxtë	10242
y'ijxtën	7316
y'ijxtëp	14632
y'ijxtëpën	10242
y'ijxwä'kxy	2926
y'ijxwinpijtë	4389
y'ijxwinpijty	11705
y'ijxwinpity	2926
y'ijxwoony	2926
y'ijxyp	46822
y'ijxypyën	17558
y'israel	2926
y'Israel	13168
y'it	43896
y'ita'antë	27800
y'ita'any	139004
y'ita'anyë	2926
y'ita'anyën	20484
y'itë	137541
y'itën	188754
y'itëty	324832
y'itëtyën	48285
y'itjot	57065
y'itjotën	2926
y'itjotëtyën	5852
y'itjotm	158026
y'itjotmën	218018
y'ity	517976
y'ityën	588210
y'itynyëm	2926
y'ixäämpy	8779
y'ixäämpyën	5852
y'ixantëp	13168
y'ixë'ata'anyën	2926
y'ixë'atë	7316
y'ixë'atën	2926
y'ixë'atëty	8779
y'ixë'aty	11705
y'ixë'atyën	8779
y'ixëp	20484
y'ixëtë	16095
y'ixëtëty	20484
y'ixëty	48285
y'ixëtyën	29264
y'ixjëtijt	2926
y'ixk'ajtypyën	4389
y'ixkäxëtëty	2926
y'ixpajk	2926
y'ixta'ajäämpy	2926
y'ixta'atëp	2926
y'ixtääpy	19021
y'ixtääpyën	11705
y'ixtaaytyëp	7316
y'ixtë	14632
y'ixtëkëwä'äky	2926
y'ixtëp	17558
y'ixtëpën	5852
y'ixtëty	7316
y'ixtijpy	2926
y'ixy	11705
y'ixy'ajtëpën	4389
y'ixy'äjtypyën	4389
y'ixyë	26337
y'ixyën	11705
y'iy	11705
y'o'k	4389
y'o'kën	10242
y'o'këtäky	7316
y'o'knë	197533
y'o'knën	19021
y'o'knëtë	21948
y'o'knëtën	4389
y'o'knëtyën	2926
y'o'kpë	10242
y'o'kpëjutën	2926
y'o'kpëty	4389
y'o'kta'aja'antë	14632
y'o'kta'atë	74623
y'o'kta'atëty	23411
y'o'ktaaynyë	2926
y'o'ktaaynyëtë	13168
y'o'ktaaytyë	17558
y'o'ktakn	2926
y'o'ktaknën	14632
y'o'ktë	39506
y'o'ktën	7316
y'o'ktëwtë	2926
y'o'kxejyën	2926
y'o'ky	140468
y'o'kyën	14632
y'ojëtë	7316
y'ojyë	4389
y'ok	648201
y'ok'ajt	13168
y'ok'ajtë	2926
y'ok'ajtën	30727
y'ok'ajtëp	2926
y'ok'ajtëpën	2926
y'ok'ajtyp	2926
y'ok'ajtypyën	33653
y'ok'ëna'k	26337
y'ok'ëna'këty	2926
y'ok'u'unk	105351
y'okën	80476
y'okëty	140468
y'okëtyën	8779
y'okmaank	7316
y'oknëëx	10242
y'oktë	11705
y'oktën	2926
y'oky	7316
y'on	38043
y'ooka'antë	24874
y'ooka'antën	5852
y'ooka'any	35117
y'ooka'anyën	8779
y'ookanë	7316
y'ookanën	2926
y'ookëty	178511
y'ooktë	134615
y'ooktën	70234
y'ooktëty	54138
y'ooky	254598
y'ookyë	2926
y'ookyën	74623
y'ookynyëm	4389
y'ookynyëmën	4389
y'otstë	4389
y'otstën	5852
y'otsy	5852
y'otsyën	4389
y'owxijnë	5852
y'oy	8779
y'oy'atëty	23411
y'oy'ijxyp	8779
y'oy'ijxypyën	8779
y'oyajtën	218018
y'oyajtënën	5852
y'oyë	13168
y'oyën	4389
y'oyëtëty	7316
y'oyëty	143394
y'oyëtyën	49749
y'oyjä'äyajtën	2926
y'oyjya'ap	20484
y'oyjya'apën	21948
y'oyjya'awëtyëp	4389
y'oyjyä'äyajtën	2926
y'oyjyä'äyëty	4389
y'oyjyawëtëty	8779
y'oyjyawëty	7316
y'oyjyot	36580
y'oymëtoow	2926
y'oypyëtsëmëty	2926
y'oytyuny'atëty	7316
y'oytyunyëty	67307
y'oytyunyëtyën	92182
y'oytyuunën	10242
y'oytyuunpy	2926
y'oytyuunpyën	5852
y'oytyuuntëpën	5852
y'oywyinma'any	36580
y'u'unk	2673284
y'u'unk'ajt	90719
y'u'unk'ajtë	2926
y'u'unk'ajtën	27800
y'u'unk'ajty	4389
y'u'unk'ajtyp	43896
y'u'unk'ajtypyën	16095
y'u'unk'aty	2926
y'u'unk'atyë	17558
y'u'unk'atyën	2926
y'u'unk'ijxy	2926
y'u'unk'ixëty	7316
y'u'unk'ixtë	5852
y'u'unk'ixy	2926
y'u'unkë	8779
y'u'unkën	21948
y'u'unkëty	73160
y'u'unkpaatën	2926
y'u'unkpaatëty	2926
y'u'unyë	46822
y'u'unyën	23411
y'u'unyëtë	10242
y'u'unyëtën	8779
y'u'unyëtëty	2926
y'u'unyëty	2926
y'ujkën	14632
y'ujts	17558
y'ujts'oktë	2926
y'ujtsëty	4389
y'ujtsta'ay	7316
y'ujtstaay	2926
y'ujtstëëm	4389
y'ukën	23411
y'ukënëty	8779
y'uknë	4389
y'uknëtë	7316
y'ukpy	7316
y'uktaay	2926
y'uktaaytyë	4389
y'uktë	17558
y'uktën	2926
y'uktëp	2926
y'uktëpën	8779
y'uky	11705
y'ukyën	2926
y'utsa'any	2926
y'utsëty	2926
y'utsy	7316
y'uty	130225
y'utyëty	2926
y'utyëtyën	2926
y'uuk	2926
y'uuka'any	7316
y'uukëpën	4389
y'uukëty	23411
y'uuktë	38043
y'uuktën	23411
y'uuktëp	2926
y'uuktëpën	16095
y'uuktëty	16095
y'uuky	32190
y'uukyën	5852
y'uukyëty	2926
y'uvë	4389
y'uvëkam	2926
ya	4389
yä'än	21948
yä'änëty	5852
yä'änëtyën	2926
yä'äp	48285
yä'äpën	8779
yä'äpwinm	4389
ya'atë	3456101
ya'atën	13168
ya'atënë	5852
ya'atës	5852
Ya'atës	27800
ya'atëty	5852
ya'atëtyë	2926
ya'atpë	7316
ya'atpë'atëty	2926
ya'ax	55601
ya'axa'antë	4389
ya'axaanp	5852
ya'axan	2926
ya'axëty	4389
ya'axtë	103887
ya'axtën	14632
ya'axtëpën	2926
ya'axtëty	17558
ya'axtëtyën	4389
yä'äxy	79013
yä'äxyën	10242
yä'äy	165342
yä'äy'ëna'k	14632
yä'äy'ëna'këty	8779
yä'äy'ëna'këtyën	4389
yä'äy'ëna'kpë	2926
yä'äyën	7316
yä'äyëtyën	2926
yä'äypyë	35117
ya'knë	2926
yä'kp	4389
yä'kpetyën	29264
yä'kpetypë	8779
yaa	1236412
yaajën	8779
yaajës	19021
yaajëty	11705
yaajëtyën	5852
yääkëty	4389
yääktë	8779
yääktën	2926
Yaapaat	8779
yaapë	32190
yaatsow	61454
yaatsowës	4389
yaaxë'ëky	13168
yaaxë'ky	2926
yääyë	8779
yääyëpë	7316
yaj	4389
yaj'a'ijxnaxy	2926
yaj'ajë'pmukëtyën	2926
yaj'akäjpxyën	13168
yaj'akëëywyä'kxy	2926
yaj'akëtakës	2926
yaj'ama'at	5852
yaj'amëtooy	4389
yaj'amëtowëty	4389
yaj'amëtowtë	2926
yaj'amëtoy	4389
yaj'anäjp	5852
yaj'antijp	5852
yaj'antijtëp	11705
yaj'antijy	2926
yaj'apëkë	2926
yaj'apëkën	2926
yaj'atä'pxëpën	2926
yaj'atään	4389
yaj'atämë	4389
yaj'atämën	4389
yaj'atëkoopy	2926
yaj'atëkoyë	2926
yaj'atsoky	4389
yaj'awinpijtyp	7316
yaj'awitsyën	2926
yaj'awojpmuky	2926
yaj'axuuymyukyën	2926
yaj'ëmaaytyäkpy	2926
yaj'ënäämpy	4389
yaj'ënantëp	5852
yaj'ënantëpën	8779
yaj'ëne'empy	2926
yaj'ënëëmë	10242
yaj'ënëëmën	5852
yaj'ënëëmëtë	11705
yaj'ënëëmëtën	8779
yaj'ënëëmëty	2926
yaj'ënëmääpyën	2926
yaj'ënëmaay	10242
yaj'ënëmaaytyë	11705
yaj'ënëmaaytyëpën	2926
yaj'ëtëtsyp	2926
yaj'ëtsooy	7316
yaj'ëtsowtë	4389
yaj'ëtujkpyën	2926
yaj'ëtuk	2926
yaj'ëwa'ats	2926
Yaj'ëwa'ats	5852
yaj'ëwa'atstë	4389
Yaj'ëwa'atstë	4389
yaj'ëwä'kxy'itëpën	4389
yaj'ëwaatsëpëtsë'ëmën	2926
yaj'ëwaatsëpëtsëëmkës	5852
Yaj'ëwaatsëpëtsëëmkës	5852
yaj'ëwaatsëpëtsëëmp	8779
yaj'ëwaatsëpëtsëëmpë	7316
yaj'ëwaatsëpëtsëëmpën	7316
yaj'ëwaatsëpëtsëëmpy	2926
yaj'ëwaatsëpëtsëëmtëkës	2926
yaj'ëwaatsëpëtsëmëtën	2926
yaj'ëwaatsëpëtsëmyë	2926
yaj'ëwatsy	5852
yaj'ëwatsypyën	2926
yaj'ëwtajtpën	5852
yaj'ëwtat	2926
yaj'ëwtatëp	4389
yaj'ëwtatëty	5852
yaj'ëwtatëtyën	5852
yaj'ëwtaty	10242
yaj'ëwtatyën	16095
yaj'ëwxity	4389
yaj'ëwxityën	2926
yaj'ëxë'këtyë	2926
yaj'ëxëëk'ijxpën	2926
yaj'ëxëëkëty	2926
yaj'ëxmajtsnë	4389
yaj'ëxmajtsy	2926
yaj'ëxmatsëty	5852
yaj'ëxmatsy	11705
yaj'ëxmatsyën	7316
yaj'ëxwojptë	2926
yaj'ëxwoptë	2926
yaj'ëxwoptën	2926
yaj'ëyoopy	2926
yaj'ëyoopyën	4389
yaj'ëyoowëpën	2926
yaj'ëyoowtëp	2926
yaj'ëyow	5852
yaj'ijtääpy	4389
yaj'ijtëpën	11705
yaj'ijtëtëpën	2926
yaj'ijtk	2926
yaj'ijtyp	5852
yaj'ijtypyën	7316
yaj'ijxëp	10242
yaj'ijxëpën	2926
yaj'ijxkijpxëty	2926
yaj'ijxkijpxy	5852
yaj'ijxmujktaay	2926
yaj'ijxnë	27800
yaj'ijxnëp	7316
yaj'ijxnëtë	14632
yaj'ijxnëty	2926
yaj'ijxp	17558
yaj'ijxpaaty	2926
yaj'ijxpaty	2926
yaj'ijxpëjkëpën	4389
yaj'ijxpëjkëtë	2926
yaj'ijxpëjkpë	61454
yaj'ijxpëjkpën	11705
yaj'ijxpëjkpëtëjk	51212
yaj'ijxpëjkpëtëjkëty	16095
yaj'ijxpëjkpëtëjkëtyën	5852
yaj'ijxpëjkpëty	2926
yaj'ijxpëjktëpën	8779
yaj'ijxpëjktso'ony	13168
Yaj'ijxpëk	5852
yaj'ijxpëktë	2926
yaj'ijxpëktëty	2926
yaj'ijxpëkyën	5852
yaj'ijxpën	24874
yaj'ijxpëtsëëmy	14632
yaj'ijxpëtsëmtë	4389
yaj'ijxpëtsëmy	4389
yaj'ijxpëtsëmyën	7316
yaj'ijxta'akëty	5852
yaj'ijxtëpën	4389
yaj'ijxy	17558
yaj'ijxyën	2926
yaj'it	2926
yaj'itäämpy	4389
yaj'itë	8779
yaj'itëtë	4389
yaj'ityë	7316
yaj'ix	13168
yaj'ixa'any	21948
yaj'ixët	4389
yaj'ixëtë	4389
yaj'ixëty	52675
yaj'ixëtyën	4389
yaj'ixjëtijtp	2926
yaj'ixjëtit	4389
yaj'ixkäxtë	2926
yaj'ixpëjkpëtëjk	4389
yaj'ixpëkëty	2926
yaj'ixpëkëtyën	4389
yaj'ixpëky	32190
yaj'ixta'ajëty	2926
yaj'ixta'ay	2926
yaj'ixtë	64381
yaj'ixtëty	2926
yaj'ixy	320442
yaj'ixy'ätyën	2926
yaj'ixyën	67307
yaj'ixynyëm	4389
yaj'ixynyëmën	8779
yaj'o'k	11705
yaj'o'kë	19021
yaj'o'kën	7316
yaj'o'kënëtë	2926
yaj'o'këpën	2926
yaj'o'kës	7316
yaj'o'këtë	10242
yaj'o'kp	7316
yaj'o'kpën	21948
yaj'o'kpy	13168
yaj'o'kpyën	10242
yaj'o'kta'ajëtë	8779
yaj'o'kta'atë	7316
yaj'o'ktaay	4389
yaj'o'ktë	5852
yaj'o'ktën	4389
yaj'o'ktëpën	4389
yaj'o'kxëtë	2926
yaj'o'kxëtyën	5852
yaj'o'oyëp	8779
yaj'o'oyëtëp	5852
yaj'o'oyëtëpën	2926
yaj'o'oyëyën	2926
yaj'ook	11705
yaj'ooka'anëtë	8779
yaj'ooka'anyë	16095
yaj'ookäämpy	4389
yaj'ookanëp	7316
yaj'ookanëtëp	2926
yaj'ookantëp	11705
yaj'ookantëpën	2926
yaj'ookëtë	35117
yaj'ookëtën	4389
yaj'ookëtëp	4389
yaj'ookëtëty	19021
yaj'ooktë	2926
Yaj'ooktë	2926
yaj'ooky	4389
yaj'ookyë	29264
yaj'ookyën	17558
yaj'oyë	2926
Yaj'oyë	2926
yaj'oyëtë	5852
Yaj'oyëtë	8779
yaj'oyëtëp	2926
yaj'oyjyawë	5852
yaj'oytyuna'anyën	5852
yaj'oytyunëty	8779
yaj'oytyuntë	7316
yaj'oytyuny	13168
yaj'oytyunyën	8779
yaj'oytyuunpën	2926
yaj'oytyuuny	7316
yaj'oytyuunyën	4389
yaj'u'unktsi'tstëpën	4389
yaj'ukpën	4389
yaj'ukpy	2926
yaj'ukpyën	4389
yaj'uuk	2926
yaj'uukyën	2926
yaj'yu'kxyp	4389
yaja'akyukën	5852
yaja'amyätsëty	14632
yaja'amyetsy	2926
yaja'amyetsyën	4389
yaja'atyëkoyëty	2926
yaja'ay	40969
yaja'ay'o'knë	2926
yaja'ay'o'kpë	35117
yaja'ay'ooky	11705
yaja'ay'ookyën	13168
yajaantyjyawëty	2926
yajë'kx	2926
yajë'kxëty	4389
yajë'kxpën	2926
yajë'kxyp	2926
yajëjpwitsy	4389
yajëkyäjpën	2926
yajëkyäjptëpën	2926
yajëkyepy	4389
yajëpëky	2926
yajëpëkyën	7316
yajëtijtëp	2926
yajijta'ay	2926
yajijtë'ëky	4389
yajja'akyukë	43896
yajja'akyukëja'anyën	2926
yajja'akyukëty	5852
yajja'amyätsëty	2926
yajja'amyätsëtyën	4389
yajja'amyetsy	2926
yajja'atyëkooynyë	2926
yajja'ay	7316
yajja'ay'o'k	4389
yajja'ay'o'kën	4389
yajja'ay'o'kpë	4389
yajja'ay'o'kpën	13168
yajja'ay'o'kpëtëjk	2926
yajja'ay'o'kpëty	4389
yajja'ay'o'ktëpën	5852
yajja'ay'ookëty	4389
yajja'ay'ooktë	11705
yajja'ay'ooktën	7316
yajja'ay'ooky	2926
yajja'ayxyikpë	2926
yajja'tëpën	2926
yajja'tyë	2926
yajjaantyjyawëty	8779
yajjääpyë	2926
yajjääpyën	2926
yajjaay	4389
yajjaaypyäjtë	4389
yajjaaypyäjtën	2926
yajjaaypyätë	4389
yajjaaypyätën	2926
yajjaaywyi'imy	2926
yajjat	7316
yajjatyë	2926
yajjawë	23411
yajjawën	4389
yajjë'kxy	8779
yajjëëky'ajtp	2926
yajjëënkupëky	5852
yajjëjp'ijxpën	8779
yajjëjp'ixy	2926
yajjëjp'ixyën	2926
yajjëjpme'ey	7316
yajjëkyäptë	4389
yajjëpëkëty	4389
yajjëpëkyën	2926
yajjëtijy	2926
Yajjëwa'ak	2926
yajjo'oky	4389
yajjo'otstë	2926
yajjo'otsy	24874
yajjoot'anpëjkpën	4389
yajjoot'anpëkyë	5852
yajjoot'anpëkyën	2926
yajjotkëxëtëty	2926
yajjotkëxyë	2926
yajjotkujk'ajtëp	2926
yajjotkujkëp	7316
yajjotkujkëpën	2926
yajjotkujkta'akäämpy	2926
yajjotkujktä'äkyë	2926
yajjotkujktäkpy	10242
yajjuntë'ajtpë	5852
yajjuntë'ajtpën	5852
yajjuukpyëjkën	4389
yajjuukpyikyë	5852
yajjuukpyikyën	4389
yajjuuky'ajtëk	2926
yajjuuky'ajtëtëp	2926
yajjuuky'ajtkës	2926
yajjuuky'ajtp	2926
yajjuuky'ajtpën	36580
yajjuuky'äjtypyën	2926
yajjuuky'atëtëp	2926
yajjuuky'äty	2926
yajjuupyëtsëmëty	2926
yajjuutë	2926
yajjuutëty	2926
yajjuuty	5852
yajjuuypyëtsimy	4389
yajjuy	4389
yajk	2926
yajka'atsëty	2926
yajka'atsy	2926
yajkä'pxyp	2926
yajkääpy	7316
yajkääpyën	8779
yajkaay	8779
yajkajpx	2926
yajkajpxëtë	2926
yajkajpxëty	2926
yajkajpxpaaty	2926
yajkajpxpën	11705
yajkajpxwa'kxëp	2926
yajkajpxwa'kxëty	2926
yajkajpxwä'kxy	10242
yajkajpxwä'kxyën	5852
yajkäjpxy	10242
yajkäjpxyë	8779
yajkäjpxye'epyë	2926
yajkäjpxyën	10242
yajkäjxpën	2926
yajkäjxta'atë	2926
yajkäjxtë	2926
yajkäjxwa'kxtaay	2926
yajkäkëtë	2926
yajkatspuxëty	2926
yajkatspuxy	2926
yajkäxtë	5852
yajkäxtën	4389
yajkay	10242
yajkayën	7316
yajkaytyë	4389
yajkë'ëmo'otë	2926
yajkë'ëyaka'any	2926
yajkë'ëyaka'anyën	4389
Yajkë'ëyakaanp	4389
yajkë'ëyakëty	2926
yajkë'ëyäkyën	4389
yajkeepy	4389
yajkëëyë'ëkëty	2926
yajkëëyë'ëkëtyën	2926
yajkën	17558
yajkënu'kxtë	10242
yajkënu'kxtën	4389
yajkënu'kxy	13168
yajkënu'kxyën	17558
yajkëpäjtëp	2926
yajkëpät	4389
yajkëpety	4389
Yajkëta'ak	2926
yajkëta'akäämpy	8779
yajkëtaawë	2926
yajkëtäkpy	2926
Yajkëtawtë	2926
yajkëwent'atëty	4389
yajkëwent'atëtyën	4389
yajkëwent'atyën	4389
yajkëxäämpy	2926
yajkëxë'ëkëtëpën	2926
yajkëxëtë	2926
yajkëxja'ajëty	2926
yajkëxja'atë	14632
yajkëxja'ay	2926
yajkëxja'ayën	4389
yajkëxjaaytya'atë	2926
yajkëxjaaytyë	8779
yajkëxjaaytyën	2926
yajkëxkony	2926
yajkëxpëkyën	2926
yajkëxtsa'ayën	2926
yajkëxyë	4389
yajkexyën	4389
yajkijpxtsoony	2926
yajkijpxy	10242
yajkijpxyën	5852
yajknikëxë'kpy	2926
yajknikëxë'kpyën	2926
Yajknitsokpë	8779
yajko'oyën	4389
yajkoj	16095
yajkoj'o'oyëtyä'äy	4389
yajkoj'oyë	2926
yajkoj'oyëja'anyën	2926
yajkoj'oyën	5852
yajkoj'oyëtë	2926
yajkoj'oyëty	5852
yajkojaanpën	2926
yajkojën	38043
yajkojëpën	4389
yajkojëtë	2926
yajkojëty	5852
yajkojëtyën	2926
yajkojpën	2926
yajkojpy	5852
yajkojpyën	19021
yajkojtaay	2926
yajkojtëpën	19021
yajkojy	23411
yajkojyën	16095
yajkontën	2926
yajkoyën	4389
yajkpë	2926
yajkpokymye'kxy	2926
yäjkpy	54138
yäjkpyën	109740
Yajkruutspät	11705
yajktääpy	2926
yajktën	4389
yajktëp	11705
yajktëpën	59991
yajku'ëyowë	2926
yajkuja'ay	2926
yajkujëpijpëtyë	4389
yajkujëpijpëy	5852
yajkujëpijpnaxy	4389
yajkujëpipë	7316
yajkujëpipën	2926
yajkujëpipëty	2926
yajkujuy	7316
yajkuka'atsy	4389
yajkukajpxë	5852
yajkukajpxën	2926
Yajkukajpxëp	5852
yajkukajpxëty	2926
yajkukëpäjtpë	8779
yajkukëpäjtpëtëjk	11705
yajkukëpäjtpëtëjkëty	10242
yajkukëpetyën	4389
yajkumëtowëty	2926
yajkunäjpëpën	2926
yajkupaatë	2926
yajkupëkëty	10242
yajkupëky	2926
yajkupuxtën	2926
yajkupuxyën	2926
yajkutëkoopy	10242
yajkutëkoopyën	13168
yajkutëkooyäämpy	2926
yajkutëkooyën	4389
yajkutëkooyëtë	4389
yajkutëkooytya'a	2926
Yajkutëkooytya'a	2926
yajkutëkooytya'ajäämpy	2926
Yajkutëkooytya'ajäämpy	2926
yajkutëkooytya'atë	2926
Yajkutëkooytya'atë	2926
yajkutëkooytyääy	2926
Yajkutëkooytyääy	2926
yajkutëkooytyë	4389
yajkutëkooytyën	2926
yajkutëkoyä'änyë	2926
yajkutëkoyäämpy	10242
yajkutëkoyäämpyën	5852
yajkutëkoyanëpën	2926
yajkutëkoyanëtëp	2926
yajkutëkoyanëtëpën	2926
yajkutëkoyantëp	5852
yajkutëkoyë	2926
yajkutëkoyëpën	2926
yajkutëkoyëtë	8779
yajkutëkoyëtëty	2926
yajkutëkoytyë	5852
yajkutujk	4389
yajkutujkën	19021
yajkutujkp	21948
yajkutujkpë	2901545
yajkutujkpë'ajtëpën	5852
yajkutujkpë'ajtp	4389
yajkutujkpë'atë	2926
yajkutujkpë'atëty	20484
yajkutujkpë'aty	2926
yajkutujkpë'atyën	5852
yajkutujkpën	381897
yajkutujkpëtëjk	324832
yajkutujkpëtëjkën	21948
yajkutujkpëtëjkëty	19021
yajkutujkpëtëkëty	2926
yajkutujkpëty	32190
yajkutujkpëtyën	4389
yajkutujkpy	17558
yajkutujkpyën	2926
yajkutujktakn	2926
yajkutujktaknën	17558
yajkutujktën	14632
yajkutujktëpën	29264
yajkutujktsoony	10242
yajkutujktsoonyën	2926
yajkutujky	32190
yajkutujkyën	36580
yajkutuk	4389
yajkutuka'antë	5852
yajkutuka'any	4389
yajkutukäämpy	4389
yajkutukaanpën	5852
yajkutukëp	7316
yajkutukëpën	7316
yajkutukëty	77550
yajkutukëtyën	5852
yajkutukpë	4389
yajkutuktë	20484
yajkutuktën	14632
yajkutuktëty	7316
yajkutuky	76086
yajkutukyën	301421
yajkuuy'iyën	7316
yajkuuytyunëty	4389
yajkwopëty	2926
yajma'kxëty	2926
yajmä'kxëty	4389
yajmä'kxtëty	2926
yajmä'kxy	2926
yajma'ta'ajäämpy	2926
yajma'tääpy	7316
yajma'tëp	2926
yajmä'tsta'ay	2926
yajmä'tstaay	2926
yajma'typ	4389
yajma'typën	8779
yajmäätsëty	2926
yajmaay	2926
yajmajtsy	4389
yajmatsëty	11705
yajmatstë	7316
yajmatstëty	2926
yajmatsy	17558
yajmatsyën	4389
yajme'ey	2926
yajme'eyën	2926
yajme'kxy	8779
yajmeenynyu'kxpë	2926
yajmëët'ajtp	5852
yajmëët'ajtpën	8779
yajmëët'aty	16095
yajmëët'atyën	11705
yajmëëtëty	13168
yajmëëtëtyën	2926
yajmeetsy	2926
yajmeetsyën	2926
yajmëj'ajtyp	4389
yajmëja'ajty	2926
yajmëjëkämke'eky	2926
yajmëjjaw	20484
yajmëjjawë	8779
yajmëjjawëja'anyën	7316
yajmëjjawën	7316
yajmëjjawëty	11705
yajmëjjawëtyën	7316
yajmëjjëtyëp	2926
yajmëjnajxëp	2926
yajmëjnajxëpën	2926
yajmëjnajxtëpën	4389
yajmëjnajxyp	10242
yajmëjnajxypën	4389
yajmëjnax	8779
Yajmëjnaxtë	2926
yajmëjpëjkta'akëty	14632
yajmëjpëjkta'aktë	2926
yajmëjpëjktä'äky	8779
yajmëjpëjktä'äkyën	2926
yajmëjuupy	2926
yajmëjuy	7316
yajmëjuya'antë	2926
yajmëjuyën	2926
yajmëjuyëty	2926
yajmëjuytyë	4389
yajmëkajpxëty	2926
yajmëkajpxtë	2926
yajmëkäjpxyën	2926
yajmëku'uk'ajtpën	5852
yajmëku'ukja'apën	5852
yajmëmay	5852
yajmëmëta'akëty	2926
yajmëmëta'aktë	4389
yajmëmëtä'äky	2926
yajmënaxyën	2926
yajmënëjkxa'anëty	4389
yajmënëjkxa'antë	5852
yajmënëjkxa'any	8779
yajmënëjkxa'anyën	2926
yajmënëjkxëty	11705
yajmënëjkxnë	11705
yajmënëjkxnëtë	4389
yajmënëjkxpën	2926
yajmënëjkxta'atë	8779
yajmënëjkxtë	27800
yajmënëjkxtën	17558
yajmënëjkxtëty	2926
yajmënëjkxy	35117
yajmënejkxyën	2926
yajmënëjkxyën	13168
yajmëpëkëty	4389
yajmëpëky	10242
yajmëpëkyën	4389
Yajmëta'ak	2926
yajmëta'akëtë	11705
yajmëta'akëtën	5852
yajmëtä'äkyë	4389
yajmëtajy	2926
yajmëtakë	4389
yajmëtakëtë	4389
yajmëtëkoy	2926
yajmëtëkoyën	2926
yajmëtoop	5852
yajmëtoopën	14632
yajmëtoow'ity	2926
yajmëtoowëp	5852
yajmëtoownë	10242
yajmëtooy	20484
yajmëtowa'any	10242
yajmëtowaanp	2926
yajmëtowëp	4389
yajmëtowëty	2926
yajmëtoy	100961
yajmëtoy'äty	10242
yajmëtoyën	13168
yajmëtsiptuunpën	13168
yajmëtso'ony	2926
yajmëtsoony	2926
yajmëtunyën	5852
yajmëtuumpyën	2926
yajmëtyä'äky	2926
yajmëtyoowpëtsëëmtë	2926
yajmëtyoowpëtsëmtë	16095
yajmëtyoowtaay	2926
yajmëtyooy	2926
yajmëtyowëty	4389
yajmëtyowëtyën	2926
yajmëtyowtë	4389
yajmëtyoy	8779
yajmëwinkon'ajtpën	2926
yajmëxu'unk'ajt	8779
yajmëxu'unk'ajtën	5852
yajmëxu'unk'atyën	2926
yajmëyajtëpën	13168
yajmëyäjtyp	5852
yajmëyäjtypyën	19021
yajmëye'eyën	4389
yajmiimpy	7316
yajmiin	2926
yajmiinpy	4389
yajmiinpyën	2926
yajmin	2926
Yajmin	10242
yajminäämpy	13168
yajminäämpyën	5852
yajmintë	7316
Yajmintë	8779
yajminy	5852
yajmo'oja'antë	8779
yajmo'oja'any	4389
yajmo'ojaanp	2926
yajmo'ojaanpën	2926
yajmo'ojantëp	7316
yajmo'ojantëpën	2926
yajmo'ojëp	8779
yajmo'ojëpën	10242
yajmo'ojëty	42433
yajmo'ojëtyën	2926
yajmo'otë	86329
yajmo'otën	14632
yajmo'otënëm	4389
yajmo'otëp	2926
yajmo'otëty	21948
yajmo'oy	49749
yajmo'oyën	19021
yajmony	4389
yajmoopy	10242
yajmoopyën	27800
yajmooy	24874
yajmooyën	14632
yajmooynyë	2926
yajmooytya'atë	2926
yajmooytyë	33653
yajmooytyën	13168
yajmooytyëpë	4389
yajmooytyëpën	13168
yajmujkpy	4389
yajmujkta'a	2926
Yajmujkta'a	4389
yajmujktëpën	2926
yajmuk	2926
yajmuktë	4389
yajnaaxtëkëty	2926
yajnajtsmatsëty	4389
yajnajxë	5852
yajnajxën	5852
yajnajxëpën	2926
yajnajxtëpën	5852
yajnajxyp	2926
yajnajxypyën	13168
yajnatsujk'ëwëtitëty	4389
yajnatsujk'ëwtijty	2926
yajnatsujk'ëwtitë	2926
yajnatsujk'ëwtitën	2926
yajnatsujk'ëwtitëty	10242
yajnatsujk'ëwtity	13168
yajnatsujk'ëwtityën	2926
yajnatukëtë	2926
yajnatukëtën	2926
yajnatukyën	2926
yajnaxa'anyë	4389
yajnaxyë	16095
yajnëë'ukës	2926
yajnëë'uuk	2926
yajnëëpäjtpë	5852
Yajnëëpäjtpë	40969
yajnëëpätëtë	2926
yajnëëpätëtëty	4389
yajnëëpätëty	4389
yajnëëpejty	2926
yajnëëpety	2926
yajnëëpetyën	4389
yajnëjkx	4389
yajnëjkxë	11705
yajnëjkxëtë	13168
yajnëjkxëtën	2926
yajnëjkxëtëty	2926
yajnëjkxyë	14632
yajnëjkxypyën	2926
yajnëmaay	13168
yajnëmaaytyë	2926
yajnëtajyën	2926
yajnëtsujkpën	4389
yajnëtsukëty	2926
yajnëxi'ik	5852
yajnëxi'iky	2926
yajni	11705
yajni'ënä'ämë	5852
yajni'ënä'ämën	2926
yajni'ipy	2926
yajnija'ap	21948
yajnija'awëtyä'äy	2926
yajnijawë	84866
yajnijawë'aty	4389
yajnijawëja'any	5852
yajnijawëja'anyën	2926
yajnijawën	35117
yajnijawëty	79013
yajnijawëtyën	4389
yajnikääpa'antë	2926
yajnikajpx	5852
yajnikajpxa'any	2926
yajnikajpxëty	8779
yajnikajpxp	5852
yajnikajpxpäjtë	2926
yajnikajpxpäta'any	2926
yajnikajpxpätë	4389
yajnikajpxpätën	2926
yajnikajpxpën	10242
yajnikajpxpety	2926
yajnikajpxtë	2926
yajnikajpxtën	11705
yajnikäjpxy	43896
yajnikäjpxyën	39506
yajnikëxë'ëk	2926
Yajnikëxë'ëk	4389
yajnikëxë'ëkäämpy	5852
yajnikëxë'ëktë	4389
yajnikëxë'kpy	16095
yajniku'ëwatsyp	2926
yajnikujuuypyätëty	2926
yajnimä'kxa'any	2926
yajnimä'kxëty	2926
yajnimä'kxtëty	11705
yajnime'kxy	2926
yajnimëtya'akaanp	2926
Yajnimëtya'akaanp	2926
yajnimëtya'akëty	10242
yajnimëtya'aktën	4389
yajnimëtyä'äky	54138
yajnimëtyä'äkyën	40969
yajnimëtyakp	5852
yajnimëtyakpën	2926
yajnimëtyaktëp	2926
yajnimony	5852
yajninëjkxyën	5852
yajnino'kpën	29264
yajnino'kta'ay	2926
yajnino'ktëpën	2926
yajnino'oka'any	2926
yajnino'okaanpën	4389
yajnino'okëpën	16095
yajnino'okëty	7316
yajnino'oktën	7316
yajnino'oky	10242
yajnino'okyën	4389
yajnip	2926
yajnipäjtë'ëkyën	2926
yajnipätë	2926
yajnipaye'ey	17558
yajnipaye'eyën	7316
yajnipaye'eyëty	4389
yajnipaye'eytyëty	2926
yajnipëjkpetyën	4389
yajnipëjktaakë	2926
yajnipëjktaakën	7316
yajnipyën	2926
yajnitëkë	10242
yajnitëkën	198996
yajnitëkëty	5852
yajnitëwëtë	2926
yajnitso'okëty	2926
yajnitsokës	7316
yajnitsokp	5852
yajnitsokpë	30727
yajnitsokpën	13168
yajnitsokpyën	2926
yajnitsoktëkës	2926
yajnitukëty	2926
yajnituky	4389
yajnitukyën	2926
yajnitunë	2926
yajniwijpyën	2926
yajniwinmayë	2926
yajnixëëwtuna'any	2926
yajnixëëwtuna'anyën	4389
yajnixëëwtunëty	4389
yajnixëëwtunyën	29264
yajno'kpën	4389
yajno'okëpën	2926
yajno'oktën	2926
yajno'oky	4389
yajnu'kxpë	2926
yajnu'kxpën	2926
yajpa'ëyoy	2926
yajpaat	13168
yajpaata'antë	26337
yajpaata'any	48285
yajpaata'anyën	5852
yajpaataanp	17558
yajpaataanpës	7316
yajpaatantëp	4389
yajpaatë	358486
yajpaatën	513586
yajpaatënëm	2926
yajpaatëpën	4389
yajpaatëty	118519
yajpaatëtyën	5852
yajpaatuny	2926
yajpaaty	803302
yajpaatyë	11705
yajpaatyën	658444
yajpaatynyëm	2926
yajpajëtijta'aktë	2926
yajpajëtijtaktë	2926
yajpajëtitë	2926
yajpajk'ajtyp	4389
yajpäjtë	2926
yajpapo'otë	2926
yajpata'atë	13168
yajpata'atëty	4389
yajpata'ay	5852
yajpataanpës	2926
yajpatë	10242
yajpatën	10242
yajpatëp	13168
yajpatëpë	7316
yajpatëpën	428720
yajpatnë	27800
yajpatnëtë	20484
yajpatnëty	2926
yajpatp	77550
yajpatpë	4389
yajpatpën	419941
yajpatpës	8779
yajpatunëty	20484
yajpatuny	13168
yajpatuunta'ay	2926
yajpaty	8779
yajpatyën	4389
yajpaye'ey	11705
yajpaye'eyëty	11705
yajpaye'eytyë	10242
yajpëjkë	5852
yajpëjkë'ëkëtyën	4389
yajpëjkë'ëktën	2926
yajpëjkë'ëky	10242
yajpëjkëjaanp	4389
yajpëjkën	7316
yajpëjkëtë	7316
yajpëjkëtën	7316
yajpëjkëtëty	4389
yajpëjkëty	4389
yajpëjkëtya'atë	2926
yajpëjkp	2926
yajpëjkpy	2926
yajpëjkta'aka'antë	7316
yajpëjkta'aka'any	2926
yajpëjkta'akëty	17558
yajpëjkta'akëtyën	4389
yajpëjkta'aktë	11705
yajpëjkta'aktën	2926
yajpëjktä'äky	52675
yajpëjktä'äkyën	24874
yajpëjktakta'ajëty	2926
yajpëjktakta'ay	4389
yajpëjktaktë	4389
yajpëjktäky	17558
yajpëjkwä'kxy	2926
yajpëjkwä'kxyën	7316
yajpëkëty	2926
yajpëkyë	2926
yajpëkyën	2926
yajpëtë'ëk	2926
Yajpëtë'ëk	8779
yajpëtë'ëkantëp	2926
yajpëtë'kën	4389
yajpëtë'ktëpën	10242
yajpëtsëëmën	7316
yajpëtsëëmëtën	4389
yajpëtsëëmkës	19021
yajpëtsëëmpy	7316
yajpëtsëëmtaaytyë	2926
Yajpëtsëm	7316
yajpëtsëmëtë	11705
yajpëtsëmëtën	5852
yajpëtsëmtë	4389
Yajpëtsëmtë	7316
yajpo'otëtspë	2926
yajpoktë	5852
yajpoky	11705
yajpokymyä'kxëty	2926
yajpokymyä'kxtëty	2926
yajpokymye'kxy	4389
yajpokytyunëtë	2926
yajpokytyuunëpën	2926
yajpokytyuunëtëpën	2926
yajpokytyuunpy	2926
yajpokywya'atsëtë	2926
yajpokywyä'ätsy	2926
yajpotsy	2926
yajpujëty	4389
yajpujxë'ëky	2926
yajpujy	5852
yajpupëkyën	2926
yajputëkëja'anyën	2926
yajputëkëtë	4389
yajputëkëtën	2926
yajputëkëtëty	2926
yajputëkëty	2926
yajpuxy	5852
yajtë'ëwën	17558
yajtëëpy	2926
yajtëëpyën	4389
yajtëëw	2926
yajtëëwë	71697
yajtëëwëtë	55601
yajtëëwkojënëpë	2926
yajtëëwtëp	2926
yajtëkajtsxëty	2926
yajtëkoopy	10242
yajtëkoopyën	11705
yajtëkooyëp	5852
yajtëkoyë	4389
yajtëkoyëtëty	2926
yajtëtsyp	2926
yajtëw	5852
Yajtëw	5852
yajtëwëtë	5852
yajtëwtë	2926
Yajtëwtë	7316
yajtëyë	8779
yajtëytyëjkëp	4389
yajtëytyuna'antë	7316
yajtëytyuna'any	4389
Yajtëytyunaanp	2926
yajtëytyunëty	4389
yajtëytyuntë	5852
yajtëytyuntën	5852
yajtëytyuntëty	2926
yajtëytyuny	11705
yajtëytyunyën	4389
yajtëytyuunpën	2926
yajtija'any	2926
yajtijanëtë	2926
yajtijëty	13168
yajtijjanë	2926
yajtijnaxëty	7316
yajtijp	29264
yajtijpën	272157
yajtijtë	21948
yajtijtën	8779
yajtijtëp	5852
yajtijtëpën	64381
yajtijtëty	2926
yajtijy	76086
yajtijyën	61454
yajtojkx'o'oyëpë	2926
yajtookëty	7316
yajtooky	4389
yajtooytyëkoopyën	5852
yajtoyëp	2926
yajtsa'atëty	2926
yajtsa'ayën	4389
yajtsään	2926
yajtsaatsytyuntë	2926
yajtsajp	4389
yajtsë'këpën	2926
yajtsetsyën	2926
yajtsëtyujtëp	2926
yajtsëtyujtyp	4389
yajtsëtyuntë	4389
yajtsëtyut	2926
yajtsëtyutëtë	2926
yajtsëtyutëtëty	2926
yajtsëtyuty	4389
yajtsëtyutyën	4389
yajtsëtyuunpën	2926
yajtsëyuump	2926
yajtsiptuny	4389
yajtsiptuumpyën	2926
yajtso'ok	13168
yajtso'okäämpy	13168
yajtso'okanëp	2926
yajtso'okëtë	4389
yajtso'okëtën	11705
yajtso'okëtëty	8779
Yajtso'oktë	2926
yajtso'oky	2926
yajtso'okyë	10242
yajtso'okyën	4389
yajtso'onën	2926
yajtso'ontakën	4389
yajtso'ontëpën	4389
yajtsojkp	5852
yajtsok	4389
yajtsokën	2926
yajtsokës	32190
yajtsokëtën	2926
yajtsokp	8779
yajtsokpën	2926
yajtsokpy	10242
yajtsokpyën	4389
yajtsoktëkës	13168
yajtsoky	10242
yajtsokyën	4389
yajtsoona'anëtë	2926
yajtsoonantëp	2926
yajtsoontë	5852
yajtsowmo'oyën	2926
yajtsu'utsëty	4389
yajtsu'utsy	2926
yajtsu'utyën	2926
yajtsujktä'äkyën	2926
yajtsukëty	2926
yajtsum	5852
yajtsumëty	5852
yajtsumnyëm	2926
yajtsumy	8779
yajtsuumtë	4389
yajtu'u	2926
yajtu'ukmujkpy	2926
yajtu'ukmuk	7316
yajtu'uye'epy	4389
yajtu'uye'ey	4389
yajtu'uye'eytyëpën	5852
yajtuk'atëëytyujkpën	7316
yajtuk'ënä'ämtë	2926
yajtuk'ënä'ämtën	2926
yajtuk'ëne'emy	5852
yajtuk'ëne'emyën	2926
yajtuk'ënëëmë	5852
yajtuk'ëwa'anëtya'atëty	2926
yajtuk'ëwa'anëy	20484
yajtuk'ëwaanë	8779
yajtuk'ëwaanëtë	8779
yajtuk'ëwaanëtën	5852
yajtuk'ëwaanëty	2926
yajtuk'ijxkajp	2926
yajtuk'ijxnajxpën	2926
yajtuk'ijxp	5852
yajtuk'ixëp	7316
yajtuk'ixëpën	2926
yajtuk'ixëty	2926
yajtuk'ixtëty	2926
yajtuk'ixy	4389
yajtuk'oy'atëpën	2926
yajtuk'oytyunëp	2926
yajtuk'oytyunëpën	4389
yajtuk'oytyunëty	2926
yajtuk'oytyuny	5852
yajtuk'oytyunyën	2926
yajtuk'oytyuun	2926
yajtukë'ëtëkëtë	2926
yajtukëëyë'ëkëpën	14632
yajtukja'amyäjtspën	4389
yajtukja'amyäjtstëpën	2926
yajtukja'amyätsëpën	4389
yajtukja'amyätstëpën	2926
yajtukja'amyetsy	2926
yajtukja'ay	2926
yajtukja'ty	2926
yajtukjëëpëpën	2926
yajtukjotkëtakpën	2926
yajtukjotkujk'aty	2926
yajtukjuuky'ajtpën	2926
yajtukjuuky'ätyën	2926
yajtukjuyëty	7316
yajtukkënu'kxpën	20484
yajtukkënu'kxyën	4389
yajtukkijpxpën	4389
yajtukmëjja'apën	5852
yajtukmëjja'awëpën	2926
yajtukmëjjawën	2926
yajtukmëjjawëpën	4389
yajtukmëmëtya'aktë	4389
yajtukmëmëtyä'äky	4389
yajtukmëmëtyaktë	2926
yajtukmëmëtyäky	8779
yajtukmëyojxpën	4389
yajtukmëyoxy	2926
yajtukmëyoxyën	4389
yajtuknaxyën	2926
yajtukni	5852
yajtukni'oytyunë	5852
yajtuknija'ap	2926
yajtuknija'awëtya'atë	2926
yajtuknija'awëy	2926
yajtuknijawë	4389
yajtuknijawëtë	2926
yajtuknijawëtën	2926
yajtuknijawëtëty	4389
yajtuknijawëty	2926
yajtuknikäjxtë	5852
yajtuknikäxtë	8779
yajtuknikäxtëty	2926
yajtuknikënu'kxë	2926
yajtuknikëpäjtutpën	2926
yajtuknikojë	2926
yajtuknikojën	5852
yajtuknimiiny	8779
yajtukniminy	2926
yajtuknipëjk	5852
yajtuknipëjktaakë	20484
yajtuknipëjktaakën	33653
yajtuknipëjktaakëtë	8779
yajtuknipëjktaakëtën	2926
yajtuknipëjktë	5852
yajtuknipëjktën	4389
yajtuknipëkëty	2926
yajtuknipëktë	35117
yajtuknipëktën	14632
yajtuknipëky	17558
yajtuknipëkyën	14632
yajtukniwë'ëmpën	2926
yajtukniwë'ëmtë	2926
yajtukniwë'ëmy	2926
yajtukniwë'ëmyën	4389
yajtukniwitsy	2926
yajtuknixijkxy	2926
yajtukniyajkëp	2926
yajtukniyajkëpën	4389
yajtukpa'akojën	2926
yajtukpakë'ëjëpën	2926
yajtukpakëëpyën	2926
yajtukputëkëtë	2926
yajtuktääntë	2926
yajtukteenyën	2926
yajtukujeny	2926
yajtukujuy	2926
yajtukumay	2926
yajtukumaytyën	2926
yajtukumëtoy	2926
yajtukunaxy	4389
yajtukunaxyën	2926
yajtukuyajkpën	5852
yajtukwin'ëëntë	2926
yajtukwin'ëëntën	2926
yajtukwinno'kpën	4389
yajtukwino'kp	2926
yajtukwino'ok	4389
yajtukwinpijtën	2926
yajtukwintsë'ëkë	10242
yajtukwintsë'ëkën	23411
yajtukwintsë'ëkëpën	2926
yajtukwintsë'ëkëty	24874
yajtukwintsë'këpën	13168
yajtukwinwanën	2926
yajtukwinwanëtë	2926
yajtukwinwanëtën	2926
yajtukwinxaanpën	4389
yajtukwinxamëp	2926
yajtukxi'iktë	4389
yajtukxi'iky	2926
yajtukxi'ikyën	4389
yajtukxoontä'äky	2926
yajtukxoxëp	2926
yajtukxoxy	2926
yajtukxoxyën	2926
yajtukxu'uxëty	7316
yajtukxu'uxy	13168
yajtuky	7316
yajtukyo'ktsumë	2926
yajtun	19021
yajtuna'anyën	4389
yajtunäämpy	5852
yajtunantëpën	7316
yajtunëp	4389
yajtunëpën	8779
yajtunëty	21948
yajtunëtyën	5852
yajtuntën	2926
yajtuntëp	4389
yajtuny	51212
yajtunyë	2926
yajtunyën	49749
yajtuumpyën	27800
yajtuun	33653
yajtuunë'ëkyën	4389
yajtuunën	2926
yajtuunëtëp	2926
yajtuunk'aty	2926
yajtuunk'atyën	7316
Yajtuunk'paatë	2926
yajtuunp	14632
yajtuunpën	19021
yajtuunpy	7316
yajtuuntë	10242
yajtuuntëkoy	2926
yajtuuntëp	7316
yajtuuntëpën	46822
yajuntë'ajtpë	10242
yajuuypyëtsëmëty	8779
yajwa'atstë	4389
yajwa'kxtëp	2926
yajwä'kxyp	4389
yajwatsypyën	2926
yajwë'ëm	16095
yajwë'ëmën	7316
yajwë'ëmëtë	2926
yajwë'ëmtë	10242
yajwijtspëtsëmëty	2926
yajwijxë'ëkyën	4389
yajwin'ëëntë	2926
yajwin'ëëntëty	2926
yajwin'ëëny	4389
yajwin'ëy	2926
yajwin'ijxpetyën	2926
yajwin'ixtë	4389
yajwin'ixtën	5852
yajwin'ixy	2926
yajwin'ixyën	5852
yajwinja'apën	2926
yajwinjawë	7316
yajwinjawën	2926
yajwinjawëty	2926
yajwinkëma'ayën	2926
yajwinkëxë'këp	2926
yajwinkutsë'ëkë	4389
yajwinkutsë'ëkëty	2926
yajwinkuwitsyën	4389
yajwinmëtoyën	2926
yajwinpijtë	2926
yajwinteeny	4389
yajwintëkoopy	2926
yajwintsë'ëkë	2926
yajwintsë'ëkëtë	2926
yajwintsë'ëkëty	5852
yajwintsë'ëkëtyën	4389
yajwinwopy	2926
yajwinxity	4389
yajwoowmuktën	2926
yajwoownëjkxtë	4389
yajwoownëjkxy	4389
yajwop	2926
yajwopëty	5852
yajwopy	2926
yajwowtë	2926
yajwowtën	5852
yajxe'empy	2926
yajxëëwmo'oy	5852
yajxëëwpetyën	2926
yajxokyën	5852
yajxon	1122281
yajxonës	26337
yajxonëty	2926
yajxoontäkpy	2926
Yajxu'uxtë	2926
yajyä'äxy	2926
yajyä'k	2926
yajyajkpë	8779
yajyajkpën	40969
yajyaka'any	2926
yajyakëpën	5852
yajyakëty	16095
yajyakëtyën	4389
yajyäky	43896
yajyäkyën	79013
yajyaxtsooy	2926
yajye'epyën	7316
yajye'ey	2926
yajye'eytyëpën	27800
yajyo'ktëyëty	4389
yajyojxpën	4389
yajyu'unkëpën	2926
Yak	4389
yakäämpy	17558
yakäämpyën	5852
yakantëpën	2926
yakëp	20484
yakëpën	4389
yaktë	5852
Yaktë	7316
yaktëpën	2926
yäky	4389
yam	1417850
yamën	5852
yap	30727
Yapës	2926
yaxën	40969
yaxënëty	5852
yaxnëtë	16095
yaxon	4389
yaxp	55601
yaxpë	158026
yaxpën	2926
yaxpës	4389
yaxpëty	8779
yaxtë	8779
yaxtëp	26337
yaxtëpën	16095
yäxy	7316
yë	42419914
yë'ë	10559985
yë'ë'ajty	2926
yë'ë'atë	5852
yë'ë'atëty	2926
yë'ëjë	8779
yë'ëjëk	2926
Yë'ëjëm	2926
yë'ëjën	267767
yë'ëjës	823787
yë'ëjëty	1294940
yë'ëjëtyë	4389
yë'ëjëtyën	239966
yë'ëkëjxm	2926
yë'ëkyëjxm	181438
yë'ëkyëjxmës	4389
Yë'ëkyëjxmës	4389
yë'ëkyëjxmëty	99498
yë'ëmës	8779
yë'ënë	14632
Yë'ënëm	2926
yë'ëpaat	270693
yë'ëpaatës	4389
yë'ëpaatëty	5852
ye'epy	33653
ye'epyë	4389
ye'epyën	13168
Yë'ës	61454
yë'ëtëm	4389
yë'ëts	122909
yë'ëtsën	2926
yë'ëtsës	20484
yë'ëty	29264
ye'etyëjk	673076
ye'etyëjk'ajtën	2926
ye'etyëjk'ajtënën	16095
ye'etyëjk'ajtënëty	21948
ye'etyëjkajtën	65844
ye'etyëjkën	21948
ye'etyëjkëty	38043
ye'etyëjkëtyën	5852
ye'etyëjkpë	118519
ye'etyëjktëjk	146320
ye'etyëjktëjkëty	7316
ye'etyëjktëjkëtyën	4389
ye'ey	30727
ye'eyën	17558
ye'eyëty	5852
ye'eyëtyën	2926
ye'eymyujkta'atë	7316
ye'eymyujktaaytyë	7316
ye'eymyujktë	13168
ye'eymyujktëpën	11705
ye'eymyuk	7316
ye'eymyuktë	21948
ye'eymyuktën	43896
ye'eymyuktëty	7316
ye'eymyukyën	4389
ye'eypyäjn	5852
ye'eypyäjnën	4389
ye'eypyijky	2926
ye'eytsyo'ontë	2926
ye'eytsyo'ony	2926
ye'eytsyoontë	4389
ye'eytsyoony	2926
ye'eytyë	35117
Ye'eytyëjk	7316
ye'eytyëkoy	5852
ye'eytyëkoyën	2926
ye'eytyëkoytyën	2926
ye'eytyën	13168
ye'eytyëp	5852
ye'eytyëpën	10242
ye'eytyëty	10242
ye'eywya'kxta'atë	7316
ye'eywya'kxtaaytyë	8779
ye'eywya'kxtë	2926
ye'eywyä'kxy	7316
ye'ky	5852
yëë	4389
yeeky	21948
yeekyën	5852
yeenyën	2926
yëk	33653
yëkëm	7316
yëkës	4389
yëkëty	2926
yëkëtyën	4389
yëktsapts	4389
yëktsuxk	7316
yëkyoots	2926
yeny	8779
yenyëty	14632
yenyëtyën	4389
yenyjyuukyajtën	2926
yenypyotsyën	5852
yenypyujxn	35117
yenypyujxnën	2926
yetsy	2926
yi'inëm	16095
yi'iyë	658444
yi'iyëm	5852
Yi'iyëpë	2926
yi'iyës	103887
yi'iyëty	52675
yiin	20484
yiinpë	10242
yo'kjän	4389
yo'kn	20484
yo'knën	4389
yo'kntuuy	2926
yojxën	7316
yojxtëpën	5852
yon	11705
yona'any	4389
yonaanp	7316
yonëty	2926
yontë	10242
yontën	7316
yontëty	8779
yony	26337
yonyën	14632
yoonë	5852
yoonë'kpën	2926
yoonp	8779
yoonpën	11705
yoontä'äky	2926
yoontëpën	2926
yoony	8779
yoots	141931
yootsën	19021
yootsjotm	20484
yootsjoty	35117
yowë	392140
yowënë	4389
yu	10242
yu'ë	2926
yu'kxa'any	5852
yu'kxaanp	4389
yu'kxëty	10242
yu'kxmontë	2926
yu'kxp	8779
yu'kxpë	7316
yu'kxpëjkta'atë	2926
yu'kxpëky	2926
yu'kxtaay	2926
yu'kxtë	5852
yu'kxy	21948
yu'kxyën	5852
yu'tsëpën	2926
yu'tstëk	2926
yu'unk	105351
yu'unk'aaw	5852
yu'unk'ajt	5852
yu'unkjot	11705
yu'unkpë	11705
yu'utsy	141931
yu'utsy'ijtpën	10242
yu'utsy'ity	2926
yu'utsyë	2926
yu'utsypë	38043
yu'utsytyuuy	2926
yu'uy	2926
yu'uyën	2926
yujk'ëna'any	4389
yujk'ënantë	8779
yujk'ënany	54138
yujkpotyëtyën	2926
yujkpujtë	2926
yujkwä'äky	7316
yujkxaj	4389
yujkya'axtëty	2926
yujkyä'äxy	2926
yujkyä'kpëtëjkëty	4389
yujkyäxy	2926
yujkyeeky	11705
yujkyeeky'ëna'k	5852
yujy	32190
yujyajtën	2926
yujyëtyën	4389
yujyëtypë	4389
yujypyë	4389
yukjot	17558
yukjotm	14632
yukjotmën	2926
yukjotypë	2926
yun	4389
yutyk	2926
yuu	218018
yuu'o'këpën	14632
yuu'o'këpës	2926
yuu'o'këtëpën	4389
yuu'o'knëtë	2926
yuu'ooktën	2926
yuu'ooktëty	5852
yuu'ookyë	2926
yuu'ookyën	2926
yuujoty	5852
yuukëtawtëty	2926
yuukjotm	2926
yuukjoty	10242
yuup	4389
yuutakn	5852
yyä'än	7316
yyä'äxy	4389
yyajkojyën	2926
Zaaván	2926
Zabad	11705
Zabai	2926
Zabdí	10242
Zabdiel	2926
Zabud	2926
Zabulón	67307
Zacai	2926
Zacarías	93645
Zacur	13168
Zafón	2926
Zalmoná	2926
Zalmuná	11705
Zanóah	7316
Zaqueo	8779
Zara	11705
zarsa	13168
Zatú	7316
Zebadías	11705
Zébah	14632
Zebedeo	16095
zebub	4389
Zebul	8779
Zeeb	7316
zefón	4389
Zelofehad	4389
zelotë	2926
Zérah	26337
Zérahías	7316
Zéred	4389
Zetam	2926
Zeus	2926
Zicri	13168
Zicrí	2926
Zif	16095
Zifrón	2926
Ziletai	2926
Zilpá	10242
Zimá	5852
Zimram	2926
Zimri	23411
Zin	13168
Zipor	8779
Ziv	2926
Zizá	5852
Zoan	4389
Zoar	10242
Zofah	2926
Zohar	5852
Zorá	8779
Zorobabel	36580
Zuar	4389
Zuf	5852
Zur	5852
Zurisadai	5852
